2012-03-14,9.272727012634277
2012-03-15,9.272727012634277
2012-03-16,9.272727012634277
2012-03-19,9.272727012634277
2012-03-20,9.272727012634277
2012-03-21,9.272727012634277
2012-03-22,9.272727012634277
2012-03-23,9.272727012634277
2012-03-26,9.272727012634277
2012-03-27,9.272727012634277
2012-03-28,9.272727012634277
2012-03-29,9.272727012634277
2012-03-30,9.272727012634277
2012-04-02,9.272727012634277
2012-04-03,9.272727012634277
2012-04-04,9.272727012634277
2012-04-05,9.272727012634277
2012-04-09,9.272727012634277
2012-04-10,9.272727012634277
2012-04-11,9.318181991577148
2012-04-12,9.318181991577148
2012-04-13,9.318181991577148
2012-04-16,9.318181991577148
2012-04-17,9.318181991577148
2012-04-18,9.318181991577148
2012-04-19,9.318181991577148
2012-04-20,9.318181991577148
2012-04-23,9.318181991577148
2012-04-24,11.136363983154297
2012-04-25,11.136363983154297
2012-04-26,11.136363983154297
2012-04-27,11.136363983154297
2012-04-30,11.136363983154297
2012-05-01,11.136363983154297
2012-05-02,11.136363983154297
2012-05-03,10.909090995788574
2012-05-04,10.909090995788574
2012-05-07,10.909090995788574
2012-05-08,11.818181991577148
2012-05-09,10.0
2012-05-10,10.0
2012-05-11,10.0
2012-05-14,10.0
2012-05-15,11.363636016845703
2012-05-16,11.363636016845703
2012-05-17,11.363636016845703
2012-05-18,11.363636016845703
2012-05-21,11.363636016845703
2012-05-22,11.363636016845703
2012-05-23,11.363636016845703
2012-05-24,11.363636016845703
2012-05-25,11.363636016845703
2012-05-29,11.363636016845703
2012-05-30,11.363636016845703
2012-05-31,11.363636016845703
2012-06-01,10.0
2012-06-04,10.0
2012-06-05,10.0
2012-06-06,10.0
2012-06-07,10.0
2012-06-08,10.0
2012-06-11,10.0
2012-06-12,10.0
2012-06-13,10.0
2012-06-14,10.0
2012-06-15,10.0
2012-06-18,10.0
2012-06-19,10.0
2012-06-20,10.0
2012-06-21,10.0
2012-06-22,10.0
2012-06-25,10.0
2012-06-26,10.681818008422852
2012-06-27,10.681818008422852
2012-06-28,10.854544639587402
2012-06-29,10.681818008422852
2012-07-02,10.681818008422852
2012-07-03,11.300000190734863
2012-07-05,11.818181991577148
2012-07-06,11.818181991577148
2012-07-09,11.818181991577148
2012-07-10,11.818181991577148
2012-07-11,11.818181991577148
2012-07-12,11.818181991577148
2012-07-13,10.872727394104004
2012-07-16,10.681818008422852
2012-07-17,10.681818008422852
2012-07-18,10.681818008422852
2012-07-19,10.454545021057129
2012-07-20,10.454545021057129
2012-07-23,10.454545021057129
2012-07-24,10.454545021057129
2012-07-25,10.454545021057129
2012-07-26,10.363636016845703
2012-07-27,10.363636016845703
2012-07-30,10.363636016845703
2012-07-31,10.909090995788574
2012-08-01,10.818181991577148
2012-08-02,10.909090995788574
2012-08-03,10.909090995788574
2012-08-06,11.818181991577148
2012-08-07,11.818181991577148
2012-08-08,11.818181991577148
2012-08-09,11.818181991577148
2012-08-10,11.818181991577148
2012-08-13,11.818181991577148
2012-08-14,11.818181991577148
2012-08-15,11.818181991577148
2012-08-16,11.818181991577148
2012-08-17,11.818181991577148
2012-08-20,11.818181991577148
2012-08-21,11.818181991577148
2012-08-22,11.818181991577148
2012-08-23,11.818181991577148
2012-08-24,11.818181991577148
2012-08-27,11.818181991577148
2012-08-28,11.818181991577148
2012-08-29,12.045454978942871
2012-08-30,12.045454978942871
2012-08-31,12.045454978942871
2012-09-04,12.045454978942871
2012-09-05,12.045454978942871
2012-09-06,12.045454978942871
2012-09-07,12.727272987365723
2012-09-10,12.727272987365723
2012-09-11,12.727272987365723
2012-09-12,12.727272987365723
2012-09-13,12.727272987365723
2012-09-14,12.727272987365723
2012-09-17,12.727272987365723
2012-09-18,12.727272987365723
2012-09-19,12.727272987365723
2012-09-20,12.727272987365723
2012-09-21,12.727272987365723
2012-09-24,12.727272987365723
2012-09-25,12.727272987365723
2012-09-26,12.727272987365723
2012-09-27,12.727272987365723
2012-09-28,12.727272987365723
2012-10-01,12.727272987365723
2012-10-02,12.727272987365723
2012-10-03,12.727272987365723
2012-10-04,12.136363983154297
2012-10-05,12.727272987365723
2012-10-08,12.727272987365723
2012-10-09,12.727272987365723
2012-10-10,12.727272987365723
2012-10-11,12.727272987365723
2012-10-12,12.727272987365723
2012-10-15,12.727272987365723
2012-10-16,12.727272987365723
2012-10-17,12.727272987365723
2012-10-18,12.727272987365723
2012-10-19,12.727272987365723
2012-10-22,12.727272987365723
2012-10-23,12.727272987365723
2012-10-24,12.727272987365723
2012-10-25,12.727272987365723
2012-10-26,12.727272987365723
2012-10-31,15.454545021057129
2012-11-01,16.59090805053711
2012-11-02,16.59090805053711
2012-11-05,16.59090805053711
2012-11-06,16.59090805053711
2012-11-07,15.445454597473145
2012-11-08,13.636363983154297
2012-11-09,13.636363983154297
2012-11-12,13.681818008422852
2012-11-13,13.209091186523438
2012-11-14,13.272727012634277
2012-11-15,13.354544639587402
2012-11-16,13.272727012634277
2012-11-19,13.454545021057129
2012-11-20,13.636363983154297
2012-11-21,13.636363983154297
2012-11-23,13.636363983154297
2012-11-26,13.600000381469727
2012-11-27,13.581817626953125
2012-11-28,13.590909004211426
2012-11-29,12.727272987365723
2012-11-30,13.818181991577148
2012-12-03,13.818181991577148
2012-12-04,13.0090913772583
2012-12-05,12.727272987365723
2012-12-06,12.727272987365723
2012-12-07,12.590909004211426
2012-12-10,12.136363983154297
2012-12-11,11.818181991577148
2012-12-12,12.254545211791992
2012-12-13,12.418182373046875
2012-12-14,12.5
2012-12-17,12.736364364624023
2012-12-18,12.736364364624023
2012-12-19,12.818181991577148
2012-12-20,12.909090995788574
2012-12-21,12.754545211791992
2012-12-24,12.754545211791992
2012-12-26,12.754545211791992
2012-12-27,12.909090995788574
2012-12-28,13.0
2012-12-31,13.090909004211426
2013-01-02,13.181818008422852
2013-01-03,13.181818008422852
2013-01-04,13.545454978942871
2013-01-07,13.618182182312012
2013-01-08,13.618182182312012
2013-01-09,13.618182182312012
2013-01-10,13.618182182312012
2013-01-11,13.618182182312012
2013-01-14,13.636363983154297
2013-01-15,13.636363983154297
2013-01-16,13.636363983154297
2013-01-17,14.081817626953125
2013-01-18,13.636363983154297
2013-01-22,13.636363983154297
2013-01-23,13.636363983154297
2013-01-24,13.636363983154297
2013-01-25,13.318181991577148
2013-01-28,13.181818008422852
2013-01-29,12.272727012634277
2013-01-30,13.181818008422852
2013-01-31,13.590909004211426
2013-02-01,13.636363983154297
2013-02-04,13.636363983154297
2013-02-05,13.636363983154297
2013-02-06,13.318181991577148
2013-02-07,13.881817817687988
2013-02-08,13.818181991577148
2013-02-11,13.818181991577148
2013-02-12,13.818181991577148
2013-02-13,14.718181610107422
2013-02-14,14.718181610107422
2013-02-15,14.954545021057129
2013-02-19,16.363636016845703
2013-02-20,16.81818199157715
2013-02-21,15.5090913772583
2013-02-22,15.199999809265137
2013-02-25,15.454545021057129
2013-02-26,15.272727012634277
2013-02-27,15.454545021057129
2013-02-28,15.454545021057129
2013-03-01,15.545454978942871
2013-03-04,15.0
2013-03-05,15.0
2013-03-06,15.0
2013-03-07,15.545454978942871
2013-03-08,15.481818199157715
2013-03-11,15.481818199157715
2013-03-12,15.227272987365723
2013-03-13,15.0
2013-03-14,15.0
2013-03-15,15.445454597473145
2013-03-18,15.545454978942871
2013-03-19,15.636363983154297
2013-03-20,15.636363983154297
2013-03-21,15.46363639831543
2013-03-22,15.454545021057129
2013-03-25,15.227272987365723
2013-03-26,15.454545021057129
2013-03-27,15.454545021057129
2013-03-28,15.227272987365723
2013-04-01,15.227272987365723
2013-04-02,15.0090913772583
2013-04-03,15.045454978942871
2013-04-04,15.199999809265137
2013-04-05,15.209091186523438
2013-04-08,15.209091186523438
2013-04-09,15.409090995788574
2013-04-10,15.590909004211426
2013-04-11,15.409090995788574
2013-04-12,14.554545402526855
2013-04-15,14.5
2013-04-16,14.318181991577148
2013-04-17,14.318181991577148
2013-04-18,14.090909004211426
2013-04-19,14.045454978942871
2013-04-22,14.309090614318848
2013-04-23,14.272727012634277
2013-04-24,14.318181991577148
2013-04-25,14.527273178100586
2013-04-26,14.636363983154297
2013-04-29,14.636363983154297
2013-04-30,14.636363983154297
2013-05-01,14.772727012634277
2013-05-02,15.0
2013-05-03,15.0
2013-05-06,14.545454978942871
2013-05-07,15.0
2013-05-08,14.772727012634277
2013-05-09,14.9909086227417
2013-05-10,15.0
2013-05-13,15.0
2013-05-14,15.0
2013-05-15,15.454545021057129
2013-05-16,15.909090995788574
2013-05-17,15.772727012634277
2013-05-20,15.890909194946289
2013-05-21,15.727272987365723
2013-05-22,15.854544639587402
2013-05-23,15.645455360412598
2013-05-24,15.681818008422852
2013-05-28,15.681818008422852
2013-05-29,15.545454978942871
2013-05-30,15.636363983154297
2013-05-31,15.681818008422852
2013-06-03,16.35454559326172
2013-06-04,15.590909004211426
2013-06-05,15.772727012634277
2013-06-06,15.772727012634277
2013-06-07,15.909090995788574
2013-06-10,15.881817817687988
2013-06-11,15.645455360412598
2013-06-12,15.590909004211426
2013-06-13,15.481818199157715
2013-06-14,15.545454978942871
2013-06-17,15.454545021057129
2013-06-18,15.627272605895996
2013-06-19,15.5090913772583
2013-06-20,15.518181800842285
2013-06-21,15.418182373046875
2013-06-24,15.199999809265137
2013-06-25,15.309090614318848
2013-06-26,15.163636207580566
2013-06-27,14.845455169677734
2013-06-28,14.399999618530273
2013-07-01,14.754545211791992
2013-07-02,14.354544639587402
2013-07-03,14.254545211791992
2013-07-05,14.836363792419434
2013-07-08,15.045454978942871
2013-07-09,15.199999809265137
2013-07-10,15.318181991577148
2013-07-11,15.363636016845703
2013-07-12,15.390909194946289
2013-07-15,15.909090995788574
2013-07-16,16.027273178100586
2013-07-17,15.909090995788574
2013-07-18,15.909090995788574
2013-07-19,15.890909194946289
2013-07-22,15.854544639587402
2013-07-23,15.863636016845703
2013-07-24,15.918182373046875
2013-07-25,15.809090614318848
2013-07-26,15.790908813476562
2013-07-29,15.82727336883545
2013-07-30,15.445454597473145
2013-07-31,15.163636207580566
2013-08-01,15.290908813476562
2013-08-02,15.56363582611084
2013-08-05,15.272727012634277
2013-08-06,15.56363582611084
2013-08-07,15.518181800842285
2013-08-08,15.5090913772583
2013-08-09,15.527273178100586
2013-08-12,15.32727336883545
2013-08-13,14.9909086227417
2013-08-14,15.0090913772583
2013-08-15,14.96363639831543
2013-08-16,14.863636016845703
2013-08-19,14.972726821899414
2013-08-20,14.772727012634277
2013-08-21,14.681818008422852
2013-08-22,14.545454978942871
2013-08-23,14.809090614318848
2013-08-26,14.627272605895996
2013-08-27,14.93636417388916
2013-08-28,14.609090805053711
2013-08-29,14.645455360412598
2013-08-30,14.945454597473145
2013-09-03,14.9909086227417
2013-09-04,14.9909086227417
2013-09-05,14.96363639831543
2013-09-06,15.318181991577148
2013-09-09,15.354544639587402
2013-09-10,15.454545021057129
2013-09-11,15.363636016845703
2013-09-12,15.336363792419434
2013-09-13,15.363636016845703
2013-09-16,15.627272605895996
2013-09-17,15.518181800842285
2013-09-18,15.636363983154297
2013-09-19,15.354544639587402
2013-09-20,15.281818389892578
2013-09-23,14.690909385681152
2013-09-24,14.845455169677734
2013-09-25,14.818181991577148
2013-09-26,14.527273178100586
2013-09-27,14.645455360412598
2013-09-30,14.56363582611084
2013-10-01,14.627272605895996
2013-10-02,14.790908813476562
2013-10-03,14.800000190734863
2013-10-04,14.836363792419434
2013-10-07,14.627272605895996
2013-10-08,14.581817626953125
2013-10-09,14.56363582611084
2013-10-10,14.618182182312012
2013-10-11,14.800000190734863
2013-10-14,15.090909004211426
2013-10-15,15.100000381469727
2013-10-16,15.227272987365723
2013-10-17,15.17272663116455
2013-10-18,15.636363983154297
2013-10-21,15.545454978942871
2013-10-22,15.454545021057129
2013-10-23,15.345455169677734
2013-10-24,15.42727279663086
2013-10-25,15.272727012634277
2013-10-28,15.163636207580566
2013-10-29,15.309090614318848
2013-10-30,15.300000190734863
2013-10-31,15.290908813476562
2013-11-01,15.199999809265137
2013-11-04,15.045454978942871
2013-11-05,15.127272605895996
2013-11-06,15.154544830322266
2013-11-07,15.109090805053711
2013-11-08,14.945454597473145
2013-11-11,15.254545211791992
2013-11-12,15.190909385681152
2013-11-13,15.081817626953125
2013-11-14,15.109090805053711
2013-11-15,15.081817626953125
2013-11-18,15.090909004211426
2013-11-19,15.272727012634277
2013-11-20,15.245454788208008
2013-11-21,15.07272720336914
2013-11-22,15.090909004211426
2013-11-25,15.109090805053711
2013-11-26,15.454545021057129
2013-11-27,15.872727394104004
2013-11-29,15.909090995788574
2013-12-02,16.027273178100586
2013-12-03,16.18181800842285
2013-12-04,16.281818389892578
2013-12-05,16.35454559326172
2013-12-06,16.345455169677734
2013-12-09,16.42727279663086
2013-12-10,16.44545555114746
2013-12-11,16.64545440673828
2013-12-12,17.281818389892578
2013-12-13,17.581817626953125
2013-12-16,18.009090423583984
2013-12-17,18.200000762939453
2013-12-18,17.954544067382812
2013-12-19,18.136363983154297
2013-12-20,18.045455932617188
2013-12-23,18.09090805053711
2013-12-24,18.18181800842285
2013-12-26,18.209091186523438
2013-12-27,18.53636360168457
2013-12-30,18.55454444885254
2013-12-31,18.46363639831543
2014-01-02,18.57272720336914
2014-01-03,18.545455932617188
2014-01-06,18.68181800842285
2014-01-07,18.299999237060547
2014-01-08,18.5181827545166
2014-01-09,18.64545440673828
2014-01-10,18.472726821899414
2014-01-13,18.209091186523438
2014-01-14,18.33636474609375
2014-01-15,18.436363220214844
2014-01-16,18.636363983154297
2014-01-17,18.172727584838867
2014-01-21,18.045455932617188
2014-01-22,18.0181827545166
2014-01-23,17.918182373046875
2014-01-24,18.81818199157715
2014-01-27,18.136363983154297
2014-01-28,18.263635635375977
2014-01-29,18.399999618530273
2014-01-30,18.654544830322266
2014-01-31,18.327272415161133
2014-02-03,18.40909194946289
2014-02-04,17.83636474609375
2014-02-05,17.709091186523438
2014-02-06,17.636363983154297
2014-02-07,17.509090423583984
2014-02-10,17.736364364624023
2014-02-11,17.618181228637695
2014-02-12,17.799999237060547
2014-02-13,17.59090805053711
2014-02-14,17.845455169677734
2014-02-18,17.845455169677734
2014-02-19,18.009090423583984
2014-02-20,17.672727584838867
2014-02-21,17.763635635375977
2014-02-24,17.72727394104004
2014-02-25,17.827272415161133
2014-02-26,17.790908813476562
2014-02-27,17.636363983154297
2014-02-28,17.845455169677734
2014-03-03,17.85454559326172
2014-03-04,17.94545555114746
2014-03-05,17.972726821899414
2014-03-06,18.200000762939453
2014-03-07,17.881818771362305
2014-03-10,18.063636779785156
2014-03-11,18.081817626953125
2014-03-12,17.90909194946289
2014-03-13,18.0
2014-03-14,17.918182373046875
2014-03-17,18.118181228637695
2014-03-18,18.490909576416016
2014-03-19,18.83636474609375
2014-03-20,18.781818389892578
2014-03-21,19.581817626953125
2014-03-24,19.399999618530273
2014-03-25,19.436363220214844
2014-03-26,19.454544067382812
2014-03-27,18.918182373046875
2014-03-28,18.745454788208008
2014-03-31,18.4818172454834
2014-04-01,19.14545440673828
2014-04-02,19.399999618530273
2014-04-03,19.618181228637695
2014-04-04,19.77272605895996
2014-04-07,19.763635635375977
2014-04-08,19.809091567993164
2014-04-09,20.254545211791992
2014-04-10,20.254545211791992
2014-04-11,19.72727394104004
2014-04-14,19.90909194946289
2014-04-15,19.954544067382812
2014-04-16,20.327272415161133
2014-04-17,20.345455169677734
2014-04-21,20.90909194946289
2014-04-22,21.0
2014-04-23,20.66363525390625
2014-04-24,20.763635635375977
2014-04-25,20.59090805053711
2014-04-28,20.290908813476562
2014-04-29,20.0
2014-04-30,19.92727279663086
2014-05-01,19.94545555114746
2014-05-02,20.0
2014-05-05,19.96363639831543
2014-05-06,20.063636779785156
2014-05-07,19.90909194946289
2014-05-08,19.863636016845703
2014-05-09,19.763635635375977
2014-05-12,20.027273178100586
2014-05-13,19.990909576416016
2014-05-14,19.690908432006836
2014-05-15,18.827272415161133
2014-05-16,18.799999237060547
2014-05-19,18.90909194946289
2014-05-20,19.045455932617188
2014-05-21,18.972726821899414
2014-05-22,19.149999618530273
2014-05-23,19.299999237060547
2014-05-27,19.469999313354492
2014-05-28,19.34000015258789
2014-05-29,19.299999237060547
2014-05-30,19.139999389648438
2014-06-02,19.0
2014-06-03,19.200000762939453
2014-06-04,19.280000686645508
2014-06-05,19.56999969482422
2014-06-06,20.190000534057617
2014-06-09,20.190000534057617
2014-06-10,20.200000762939453
2014-06-11,20.200000762939453
2014-06-12,19.719999313354492
2014-06-13,19.559999465942383
2014-06-16,19.399999618530273
2014-06-17,19.299999237060547
2014-06-18,19.399999618530273
2014-06-19,19.459999084472656
2014-06-20,19.399999618530273
2014-06-23,19.520000457763672
2014-06-24,19.600000381469727
2014-06-25,19.579999923706055
2014-06-26,19.75
2014-06-27,19.670000076293945
2014-06-30,19.950000762939453
2014-07-01,20.020000457763672
2014-07-02,20.43000030517578
2014-07-03,20.350000381469727
2014-07-07,20.209999084472656
2014-07-08,20.079999923706055
2014-07-09,19.989999771118164
2014-07-10,19.510000228881836
2014-07-11,19.5
2014-07-14,19.399999618530273
2014-07-15,19.06999969482422
2014-07-16,19.31999969482422
2014-07-17,19.0
2014-07-18,18.84000015258789
2014-07-21,18.690000534057617
2014-07-22,18.709999084472656
2014-07-23,18.530000686645508
2014-07-24,19.190000534057617
2014-07-25,19.09000015258789
2014-07-28,19.100000381469727
2014-07-29,19.059999465942383
2014-07-30,19.100000381469727
2014-07-31,19.09000015258789
2014-08-01,18.979999542236328
2014-08-04,19.149999618530273
2014-08-05,19.0
2014-08-06,19.079999923706055
2014-08-07,19.110000610351562
2014-08-08,18.989999771118164
2014-08-11,19.059999465942383
2014-08-12,19.079999923706055
2014-08-13,19.139999389648438
2014-08-14,19.170000076293945
2014-08-15,19.170000076293945
2014-08-18,19.139999389648438
2014-08-19,19.059999465942383
2014-08-20,18.850000381469727
2014-08-21,18.549999237060547
2014-08-22,18.610000610351562
2014-08-25,18.84000015258789
2014-08-26,18.6299991607666
2014-08-27,19.09000015258789
2014-08-28,18.959999084472656
2014-08-29,18.719999313354492
2014-09-02,18.700000762939453
2014-09-03,18.93000030517578
2014-09-04,18.5
2014-09-05,18.020000457763672
2014-09-08,17.90999984741211
2014-09-09,18.229999542236328
2014-09-10,18.309999465942383
2014-09-11,18.459999084472656
2014-09-12,18.59000015258789
2014-09-15,18.979999542236328
2014-09-16,18.450000762939453
2014-09-17,18.329999923706055
2014-09-18,18.719999313354492
2014-09-19,18.899999618530273
2014-09-22,18.959999084472656
2014-09-23,18.600000381469727
2014-09-24,18.700000762939453
2014-09-25,18.420000076293945
2014-09-26,18.18000030517578
2014-09-29,18.010000228881836
2014-09-30,18.059999465942383
2014-10-01,18.030000686645508
2014-10-02,18.170000076293945
2014-10-03,18.579999923706055
2014-10-06,18.489999771118164
2014-10-07,18.190000534057617
2014-10-08,17.969999313354492
2014-10-09,18.530000686645508
2014-10-10,17.719999313354492
2014-10-13,17.600000381469727
2014-10-14,17.709999084472656
2014-10-15,17.239999771118164
2014-10-16,17.209999084472656
2014-10-17,18.030000686645508
2014-10-20,17.540000915527344
2014-10-21,18.18000030517578
2014-10-22,18.190000534057617
2014-10-23,18.34000015258789
2014-10-24,18.700000762939453
2014-10-27,18.260000228881836
2014-10-28,18.530000686645508
2014-10-29,18.940000534057617
2014-10-30,18.979999542236328
2014-10-31,19.100000381469727
2014-11-03,19.010000228881836
2014-11-04,19.1200008392334
2014-11-05,19.1299991607666
2014-11-06,18.979999542236328
2014-11-07,19.139999389648438
2014-11-10,19.079999923706055
2014-11-11,19.059999465942383
2014-11-12,18.84000015258789
2014-11-13,19.139999389648438
2014-11-14,18.920000076293945
2014-11-17,18.530000686645508
2014-11-18,18.40999984741211
2014-11-19,18.459999084472656
2014-11-20,18.149999618530273
2014-11-21,18.299999237060547
2014-11-24,18.15999984741211
2014-11-25,18.34000015258789
2014-11-26,18.329999923706055
2014-11-28,18.299999237060547
2014-12-01,17.8799991607666
2014-12-02,18.420000076293945
2014-12-03,18.440000534057617
2014-12-04,18.5
2014-12-05,18.75
2014-12-08,19.059999465942383
2014-12-09,18.5
2014-12-10,18.579999923706055
2014-12-11,18.360000610351562
2014-12-12,18.25
2014-12-15,18.31999969482422
2014-12-16,18.329999923706055
2014-12-17,18.43000030517578
2014-12-18,19.0
2014-12-19,18.850000381469727
2014-12-22,18.75
2014-12-23,18.93000030517578
2014-12-24,19.06999969482422
2014-12-26,19.0
2014-12-29,19.010000228881836
2014-12-30,19.239999771118164
2014-12-31,20.15999984741211
2015-01-02,19.579999923706055
2015-01-05,18.940000534057617
2015-01-06,18.860000610351562
2015-01-07,18.31999969482422
2015-01-08,18.520000457763672
2015-01-09,18.15999984741211
2015-01-12,18.170000076293945
2015-01-13,18.1200008392334
2015-01-14,18.010000228881836
2015-01-15,18.280000686645508
2015-01-16,18.15999984741211
2015-01-20,19.09000015258789
2015-01-21,18.420000076293945
2015-01-22,18.420000076293945
2015-01-23,19.100000381469727
2015-01-26,19.200000762939453
2015-01-27,19.190000534057617
2015-01-28,19.770000457763672
2015-01-29,19.899999618530273
2015-01-30,19.75
2015-02-02,19.690000534057617
2015-02-03,20.670000076293945
2015-02-04,21.1200008392334
2015-02-05,21.0
2015-02-06,21.200000762939453
2015-02-09,21.93000030517578
2015-02-10,22.270000457763672
2015-02-11,22.450000762939453
2015-02-12,22.440000534057617
2015-02-13,22.540000915527344
2015-02-17,22.309999465942383
2015-02-18,21.760000228881836
2015-02-19,21.56999969482422
2015-02-20,22.139999389648438
2015-02-23,22.149999618530273
2015-02-24,22.389999389648438
2015-02-25,22.639999389648438
2015-02-26,22.719999313354492
2015-02-27,22.600000381469727
2015-03-02,22.200000762939453
2015-03-03,22.200000762939453
2015-03-04,22.780000686645508
2015-03-05,22.75
2015-03-06,22.739999771118164
2015-03-09,23.06999969482422
2015-03-10,23.350000381469727
2015-03-11,23.0
2015-03-12,23.56999969482422
2015-03-13,24.15999984741211
2015-03-16,24.0
2015-03-17,24.0
2015-03-18,24.25
2015-03-19,23.959999084472656
2015-03-20,23.959999084472656
2015-03-23,24.360000610351562
2015-03-24,24.530000686645508
2015-03-25,24.760000228881836
2015-03-26,24.399999618530273
2015-03-27,24.3799991607666
2015-03-30,24.25
2015-03-31,24.309999465942383
2015-04-01,24.360000610351562
2015-04-02,24.399999618530273
2015-04-06,24.559999465942383
2015-04-07,24.809999465942383
2015-04-08,24.34000015258789
2015-04-09,24.469999313354492
2015-04-10,24.209999084472656
2015-04-13,24.020000457763672
2015-04-14,24.020000457763672
2015-04-15,24.3700008392334
2015-04-16,25.139999389648438
2015-04-17,25.100000381469727
2015-04-20,24.549999237060547
2015-04-21,24.950000762939453
2015-04-22,25.34000015258789
2015-04-23,25.190000534057617
2015-04-24,24.809999465942383
2015-04-27,25.020000457763672
2015-04-28,24.959999084472656
2015-04-29,25.799999237060547
2015-04-30,25.850000381469727
2015-05-01,25.389999389648438
2015-05-04,25.149999618530273
2015-05-05,25.1200008392334
2015-05-06,25.09000015258789
2015-05-07,25.170000076293945
2015-05-08,24.950000762939453
2015-05-11,24.989999771118164
2015-05-12,25.06999969482422
2015-05-13,25.0
2015-05-14,25.139999389648438
2015-05-15,25.149999618530273
2015-05-18,24.899999618530273
2015-05-19,25.360000610351562
2015-05-20,25.670000076293945
2015-05-21,25.719999313354492
2015-05-22,25.540000915527344
2015-05-26,25.1200008392334
2015-05-27,25.030000686645508
2015-05-28,25.299999237060547
2015-05-29,25.149999618530273
2015-06-01,25.200000762939453
2015-06-02,25.049999237060547
2015-06-03,25.780000686645508
2015-06-04,25.899999618530273
2015-06-05,25.90999984741211
2015-06-08,26.18000030517578
2015-06-09,26.389999389648438
2015-06-10,26.889999389648438
2015-06-11,27.5
2015-06-12,26.989999771118164
2015-06-15,26.6200008392334
2015-06-16,26.540000915527344
2015-06-17,26.770000457763672
2015-06-18,26.200000762939453
2015-06-19,26.56999969482422
2015-06-22,26.940000534057617
2015-06-23,26.899999618530273
2015-06-24,27.260000228881836
2015-06-25,27.399999618530273
2015-06-26,27.450000762939453
2015-06-29,27.25
2015-06-30,27.079999923706055
2015-07-01,27.290000915527344
2015-07-02,27.56999969482422
2015-07-06,26.889999389648438
2015-07-07,26.920000076293945
2015-07-08,26.389999389648438
2015-07-09,27.049999237060547
2015-07-10,27.25
2015-07-13,27.639999389648438
2015-07-14,28.270000457763672
2015-07-15,28.739999771118164
2015-07-16,29.139999389648438
2015-07-17,29.170000076293945
2015-07-20,29.149999618530273
2015-07-21,29.0
2015-07-22,28.469999313354492
2015-07-23,28.350000381469727
2015-07-24,24.229999542236328
2015-07-27,23.25
2015-07-28,24.729999542236328
2015-07-29,25.350000381469727
2015-07-30,25.290000915527344
2015-07-31,25.459999084472656
2015-08-03,25.059999465942383
2015-08-04,25.15999984741211
2015-08-05,25.3799991607666
2015-08-06,25.280000686645508
2015-08-07,25.209999084472656
2015-08-10,24.959999084472656
2015-08-11,25.049999237060547
2015-08-12,24.93000030517578
2015-08-13,24.510000228881836
2015-08-14,24.489999771118164
2015-08-17,24.799999237060547
2015-08-18,24.84000015258789
2015-08-19,24.709999084472656
2015-08-20,24.389999389648438
2015-08-21,23.420000076293945
2015-08-24,22.40999984741211
2015-08-25,23.459999084472656
2015-08-26,23.010000228881836
2015-08-27,23.600000381469727
2015-08-28,23.850000381469727
2015-08-31,23.790000915527344
2015-09-01,24.149999618530273
2015-09-02,24.1299991607666
2015-09-03,24.040000915527344
2015-09-04,23.3799991607666
2015-09-08,24.100000381469727
2015-09-09,24.739999771118164
2015-09-10,24.639999389648438
2015-09-11,24.600000381469727
2015-09-14,25.15999984741211
2015-09-15,25.34000015258789
2015-09-16,26.049999237060547
2015-09-17,25.600000381469727
2015-09-18,24.65999984741211
2015-09-21,25.09000015258789
2015-09-22,24.719999313354492
2015-09-23,24.75
2015-09-24,24.34000015258789
2015-09-25,24.809999465942383
2015-09-28,24.790000915527344
2015-09-29,24.6299991607666
2015-09-30,25.270000457763672
2015-10-01,25.770000457763672
2015-10-02,24.81999969482422
2015-10-05,24.450000762939453
2015-10-06,24.969999313354492
2015-10-07,24.690000534057617
2015-10-08,24.549999237060547
2015-10-09,24.799999237060547
2015-10-12,24.600000381469727
2015-10-13,24.799999237060547
2015-10-14,25.399999618530273
2015-10-15,24.59000015258789
2015-10-16,25.110000610351562
2015-10-19,24.770000457763672
2015-10-20,25.329999923706055
2015-10-21,25.59000015258789
2015-10-22,26.079999923706055
2015-10-23,26.329999923706055
2015-10-26,27.100000381469727
2015-10-27,27.040000915527344
2015-10-28,26.950000762939453
2015-10-29,27.8700008392334
2015-10-30,28.049999237060547
2015-11-02,27.559999465942383
2015-11-03,28.3799991607666
2015-11-04,28.780000686645508
2015-11-05,29.229999542236328
2015-11-06,30.75
2015-11-09,30.610000610351562
2015-11-10,30.600000381469727
2015-11-11,30.530000686645508
2015-11-12,29.989999771118164
2015-11-13,29.780000686645508
2015-11-16,29.299999237060547
2015-11-17,29.84000015258789
2015-11-18,29.739999771118164
2015-11-19,29.770000457763672
2015-11-20,30.1200008392334
2015-11-23,29.780000686645508
2015-11-24,30.09000015258789
2015-11-25,30.469999313354492
2015-11-27,30.799999237060547
2015-11-30,31.030000686645508
2015-12-01,31.040000915527344
2015-12-02,30.43000030517578
2015-12-03,29.899999618530273
2015-12-04,29.170000076293945
2015-12-07,29.649999618530273
2015-12-08,28.209999084472656
2015-12-09,28.450000762939453
2015-12-10,27.690000534057617
2015-12-11,26.950000762939453
2015-12-14,26.5
2015-12-15,26.920000076293945
2015-12-16,27.25
2015-12-17,28.020000457763672
2015-12-18,28.399999618530273
2015-12-21,27.75
2015-12-22,27.979999542236328
2015-12-23,28.40999984741211
2015-12-24,27.729999542236328
2015-12-28,27.389999389648438
2015-12-29,27.799999237060547
2015-12-30,27.520000457763672
2015-12-31,27.93000030517578
2016-01-04,26.780000686645508
2016-01-05,26.6200008392334
2016-01-06,25.610000610351562
2016-01-07,25.389999389648438
2016-01-08,25.6299991607666
2016-01-11,24.799999237060547
2016-01-12,25.0
2016-01-13,24.530000686645508
2016-01-14,23.959999084472656
2016-01-15,23.600000381469727
2016-01-19,23.979999542236328
2016-01-20,22.75
2016-01-21,25.0
2016-01-22,25.190000534057617
2016-01-25,25.690000534057617
2016-01-26,24.139999389648438
2016-01-27,24.5
2016-01-28,24.5
2016-01-29,24.959999084472656
2016-02-01,24.950000762939453
2016-02-02,24.43000030517578
2016-02-03,23.459999084472656
2016-02-04,22.729999542236328
2016-02-05,22.440000534057617
2016-02-08,21.8700008392334
2016-02-09,22.280000686645508
2016-02-10,22.940000534057617
2016-02-11,22.389999389648438
2016-02-12,22.139999389648438
2016-02-16,22.8700008392334
2016-02-17,23.06999969482422
2016-02-18,22.809999465942383
2016-02-19,22.010000228881836
2016-02-22,23.010000228881836
2016-02-23,23.360000610351562
2016-02-24,22.3799991607666
2016-02-25,22.6200008392334
2016-02-26,23.149999618530273
2016-02-29,23.3700008392334
2016-03-01,22.81999969482422
2016-03-02,23.850000381469727
2016-03-03,24.34000015258789
2016-03-04,25.100000381469727
2016-03-07,24.729999542236328
2016-03-08,24.8700008392334
2016-03-09,24.600000381469727
2016-03-10,24.260000228881836
2016-03-11,24.209999084472656
2016-03-14,24.84000015258789
2016-03-15,24.309999465942383
2016-03-16,24.079999923706055
2016-03-17,23.469999313354492
2016-03-18,24.110000610351562
2016-03-21,24.209999084472656
2016-03-22,23.809999465942383
2016-03-23,23.889999389648438
2016-03-24,23.510000228881836
2016-03-28,23.989999771118164
2016-03-29,23.75
2016-03-30,23.920000076293945
2016-03-31,23.709999084472656
2016-04-01,23.510000228881836
2016-04-04,24.040000915527344
2016-04-05,23.600000381469727
2016-04-06,23.5
2016-04-07,23.209999084472656
2016-04-08,22.59000015258789
2016-04-11,22.719999313354492
2016-04-12,22.950000762939453
2016-04-13,23.100000381469727
2016-04-14,24.200000762939453
2016-04-15,25.09000015258789
2016-04-18,24.5
2016-04-19,25.670000076293945
2016-04-20,25.690000534057617
2016-04-21,25.860000610351562
2016-04-22,25.809999465942383
2016-04-25,25.540000915527344
2016-04-26,25.540000915527344
2016-04-27,25.739999771118164
2016-04-28,26.010000228881836
2016-04-29,25.760000228881836
2016-05-02,26.0
2016-05-03,25.56999969482422
2016-05-04,25.0
2016-05-05,25.06999969482422
2016-05-06,24.299999237060547
2016-05-09,24.700000762939453
2016-05-10,26.610000610351562
2016-05-11,25.989999771118164
2016-05-12,26.709999084472656
2016-05-13,26.799999237060547
2016-05-16,26.1200008392334
2016-05-17,25.950000762939453
2016-05-18,25.229999542236328
2016-05-19,25.649999618530273
2016-05-20,26.09000015258789
2016-05-23,26.15999984741211
2016-05-24,26.40999984741211
2016-05-25,26.889999389648438
2016-05-26,27.239999771118164
2016-05-27,26.510000228881836
2016-05-31,27.020000457763672
2016-06-01,26.639999389648438
2016-06-02,27.110000610351562
2016-06-03,26.889999389648438
2016-06-06,26.600000381469727
2016-06-07,26.93000030517578
2016-06-08,26.8799991607666
2016-06-09,26.700000762939453
2016-06-10,26.1200008392334
2016-06-13,25.690000534057617
2016-06-14,25.260000228881836
2016-06-15,25.25
2016-06-16,25.09000015258789
2016-06-17,25.290000915527344
2016-06-20,25.68000030517578
2016-06-21,25.479999542236328
2016-06-22,25.34000015258789
2016-06-23,25.68000030517578
2016-06-24,24.75
2016-06-27,24.40999984741211
2016-06-28,24.690000534057617
2016-06-29,24.489999771118164
2016-06-30,24.729999542236328
2016-07-01,25.06999969482422
2016-07-05,24.25
2016-07-06,23.809999465942383
2016-07-07,24.3799991607666
2016-07-08,24.739999771118164
2016-07-11,25.459999084472656
2016-07-12,25.93000030517578
2016-07-13,26.079999923706055
2016-07-14,26.639999389648438
2016-07-15,26.709999084472656
2016-07-18,26.75
2016-07-19,26.40999984741211
2016-07-20,26.81999969482422
2016-07-21,26.510000228881836
2016-07-22,25.8700008392334
2016-07-25,25.989999771118164
2016-07-26,25.65999984741211
2016-07-27,25.860000610351562
2016-07-28,25.81999969482422
2016-07-29,25.729999542236328
2016-08-01,25.690000534057617
2016-08-02,25.3799991607666
2016-08-03,25.280000686645508
2016-08-04,25.40999984741211
2016-08-05,25.899999618530273
2016-08-08,26.969999313354492
2016-08-09,26.709999084472656
2016-08-10,26.889999389648438
2016-08-11,26.809999465942383
2016-08-12,26.559999465942383
2016-08-15,26.299999237060547
2016-08-16,26.200000762939453
2016-08-17,26.049999237060547
2016-08-18,25.729999542236328
2016-08-19,25.649999618530273
2016-08-22,25.860000610351562
2016-08-23,25.780000686645508
2016-08-24,25.709999084472656
2016-08-25,25.719999313354492
2016-08-26,25.950000762939453
2016-08-29,25.90999984741211
2016-08-30,26.049999237060547
2016-08-31,26.670000076293945
2016-09-01,26.739999771118164
2016-09-02,26.540000915527344
2016-09-06,26.770000457763672
2016-09-07,26.3799991607666
2016-09-08,26.790000915527344
2016-09-09,26.450000762939453
2016-09-12,26.34000015258789
2016-09-13,25.770000457763672
2016-09-14,25.579999923706055
2016-09-15,25.25
2016-09-16,25.40999984741211
2016-09-19,25.420000076293945
2016-09-20,25.5
2016-09-21,25.34000015258789
2016-09-22,25.600000381469727
2016-09-23,25.709999084472656
2016-09-26,25.350000381469727
2016-09-27,24.68000030517578
2016-09-28,24.989999771118164
2016-09-29,25.100000381469727
2016-09-30,24.850000381469727
2016-10-03,24.989999771118164
2016-10-04,24.93000030517578
2016-10-05,24.860000610351562
2016-10-06,25.100000381469727
2016-10-07,25.0
2016-10-10,25.1299991607666
2016-10-11,25.34000015258789
2016-10-12,25.079999923706055
2016-10-13,24.889999389648438
2016-10-14,24.799999237060547
2016-10-17,24.600000381469727
2016-10-18,24.770000457763672
2016-10-19,25.09000015258789
2016-10-20,25.780000686645508
2016-10-21,25.75
2016-10-24,25.799999237060547
2016-10-25,25.899999618530273
2016-10-26,25.389999389648438
2016-10-27,26.75
2016-10-28,27.5
2016-10-31,27.09000015258789
2016-11-01,27.139999389648438
2016-11-02,26.5
2016-11-03,26.389999389648438
2016-11-04,24.68000030517578
2016-11-07,25.299999237060547
2016-11-08,25.299999237060547
2016-11-09,25.700000762939453
2016-11-10,26.40999984741211
2016-11-11,26.360000610351562
2016-11-14,27.850000381469727
2016-11-15,29.030000686645508
2016-11-16,29.59000015258789
2016-11-17,29.760000228881836
2016-11-18,29.459999084472656
2016-11-21,30.1299991607666
2016-11-22,30.350000381469727
2016-11-23,30.899999618530273
2016-11-25,31.0
2016-11-28,30.90999984741211
2016-11-29,30.84000015258789
2016-11-30,31.139999389648438
2016-12-01,30.780000686645508
2016-12-02,30.84000015258789
2016-12-05,31.079999923706055
2016-12-06,33.25
2016-12-07,33.939998626708984
2016-12-08,34.15999984741211
2016-12-09,35.38999938964844
2016-12-12,35.720001220703125
2016-12-13,34.810001373291016
2016-12-14,34.13999938964844
2016-12-15,34.33000183105469
2016-12-16,34.779998779296875
2016-12-19,34.720001220703125
2016-12-20,34.869998931884766
2016-12-21,36.5
2016-12-22,36.29999923706055
2016-12-23,36.349998474121094
2016-12-27,36.40999984741211
2016-12-28,36.529998779296875
2016-12-29,35.9900016784668
2016-12-30,35.27000045776367
2017-01-03,36.47999954223633
2017-01-04,35.849998474121094
2017-01-05,36.099998474121094
2017-01-06,36.099998474121094
2017-01-09,35.72999954223633
2017-01-10,35.81999969482422
2017-01-11,35.959999084472656
2017-01-12,35.939998626708984
2017-01-13,35.630001068115234
2017-01-17,35.2400016784668
2017-01-18,34.189998626708984
2017-01-19,34.810001373291016
2017-01-20,34.13999938964844
2017-01-23,34.099998474121094
2017-01-24,34.06999969482422
2017-01-25,34.7400016784668
2017-01-26,34.88999938964844
2017-01-27,34.83000183105469
2017-01-30,34.619998931884766
2017-01-31,34.29999923706055
2017-02-01,35.02000045776367
2017-02-02,34.45000076293945
2017-02-03,34.5099983215332
2017-02-06,34.04999923706055
2017-02-07,34.220001220703125
2017-02-08,34.15999984741211
2017-02-09,34.400001525878906
2017-02-10,35.06999969482422
2017-02-13,34.93000030517578
2017-02-14,34.869998931884766
2017-02-15,35.2599983215332
2017-02-16,35.20000076293945
2017-02-17,35.0099983215332
2017-02-21,35.130001068115234
2017-02-22,34.70000076293945
2017-02-23,34.720001220703125
2017-02-24,34.45000076293945
2017-02-27,34.95000076293945
2017-02-28,34.810001373291016
2017-03-01,35.029998779296875
2017-03-02,35.20000076293945
2017-03-03,34.34000015258789
2017-03-06,34.58000183105469
2017-03-07,34.18000030517578
2017-03-08,34.439998626708984
2017-03-09,34.0099983215332
2017-03-10,32.83000183105469
2017-03-13,33.29999923706055
2017-03-14,32.869998931884766
2017-03-15,32.849998474121094
2017-03-16,32.38999938964844
2017-03-17,32.70000076293945
2017-03-20,32.68000030517578
2017-03-21,32.540000915527344
2017-03-22,30.350000381469727
2017-03-23,30.079999923706055
2017-03-24,31.0
2017-03-27,29.950000762939453
2017-03-28,30.329999923706055
2017-03-29,30.719999313354492
2017-03-30,30.489999771118164
2017-03-31,31.549999237060547
2017-04-03,31.530000686645508
2017-04-04,30.760000228881836
2017-04-05,31.079999923706055
2017-04-06,30.06999969482422
2017-04-07,30.1299991607666
2017-04-10,30.110000610351562
2017-04-11,29.920000076293945
2017-04-12,30.479999542236328
2017-04-13,29.959999084472656
2017-04-17,29.510000228881836
2017-04-18,29.3799991607666
2017-04-19,29.8799991607666
2017-04-20,30.030000686645508
2017-04-21,29.510000228881836
2017-04-24,30.350000381469727
2017-04-25,30.5
2017-04-26,30.399999618530273
2017-04-27,31.5
2017-04-28,31.420000076293945
2017-05-01,31.25
2017-05-02,31.530000686645508
2017-05-03,31.0
2017-05-04,31.459999084472656
2017-05-05,31.3799991607666
2017-05-08,31.110000610351562
2017-05-09,31.34000015258789
2017-05-10,30.969999313354492
2017-05-11,30.59000015258789
2017-05-12,29.84000015258789
2017-05-15,29.889999389648438
2017-05-16,30.1299991607666
2017-05-17,29.889999389648438
2017-05-18,28.639999389648438
2017-05-19,28.829999923706055
2017-05-22,28.75
2017-05-23,28.700000762939453
2017-05-24,29.860000610351562
2017-05-25,29.899999618530273
2017-05-26,29.030000686645508
2017-05-30,28.850000381469727
2017-05-31,28.469999313354492
2017-06-01,28.110000610351562
2017-06-02,27.790000915527344
2017-06-05,28.209999084472656
2017-06-06,28.389999389648438
2017-06-07,28.6299991607666
2017-06-08,28.84000015258789
2017-06-09,29.639999389648438
2017-06-12,30.209999084472656
2017-06-13,30.309999465942383
2017-06-14,28.75
2017-06-15,29.3700008392334
2017-06-16,29.149999618530273
2017-06-19,28.760000228881836
2017-06-20,28.510000228881836
2017-06-21,27.989999771118164
2017-06-22,27.790000915527344
2017-06-23,27.3700008392334
2017-06-26,27.389999389648438
2017-06-27,27.790000915527344
2017-06-28,28.1200008392334
2017-06-29,28.610000610351562
2017-06-30,28.950000762939453
2017-07-03,28.43000030517578
2017-07-05,29.260000228881836
2017-07-06,28.59000015258789
2017-07-07,28.639999389648438
2017-07-10,29.010000228881836
2017-07-11,28.860000610351562
2017-07-12,28.6299991607666
2017-07-13,28.829999923706055
2017-07-14,28.329999923706055
2017-07-17,28.399999618530273
2017-07-18,28.15999984741211
2017-07-19,28.1299991607666
2017-07-20,28.0
2017-07-21,28.040000915527344
2017-07-24,27.790000915527344
2017-07-25,28.260000228881836
2017-07-26,28.549999237060547
2017-07-27,29.5
2017-07-28,28.709999084472656
2017-07-31,28.84000015258789
2017-08-01,30.0
2017-08-02,29.760000228881836
2017-08-03,29.600000381469727
2017-08-04,29.520000457763672
2017-08-07,29.59000015258789
2017-08-08,29.56999969482422
2017-08-09,29.040000915527344
2017-08-10,28.639999389648438
2017-08-11,28.1299991607666
2017-08-14,28.149999618530273
2017-08-15,29.0
2017-08-16,28.670000076293945
2017-08-17,28.510000228881836
2017-08-18,27.360000610351562
2017-08-21,27.760000228881836
2017-08-22,27.920000076293945
2017-08-23,27.81999969482422
2017-08-24,28.239999771118164
2017-08-25,28.489999771118164
2017-08-28,28.770000457763672
2017-08-29,27.969999313354492
2017-08-30,28.200000762939453
2017-08-31,28.579999923706055
2017-09-01,28.209999084472656
2017-09-05,28.209999084472656
2017-09-06,27.649999618530273
2017-09-07,27.31999969482422
2017-09-08,27.1299991607666
2017-09-11,27.75
2017-09-12,28.1200008392334
2017-09-13,28.649999618530273
2017-09-14,28.739999771118164
2017-09-15,28.510000228881836
2017-09-18,28.81999969482422
2017-09-19,29.469999313354492
2017-09-20,29.59000015258789
2017-09-21,30.06999969482422
2017-09-22,30.18000030517578
2017-09-25,30.56999969482422
2017-09-26,30.809999465942383
2017-09-27,31.25
2017-09-28,31.75
2017-09-29,32.36000061035156
2017-10-02,32.650001525878906
2017-10-03,33.11000061035156
2017-10-04,32.77000045776367
2017-10-05,32.61000061035156
2017-10-06,32.9900016784668
2017-10-09,32.630001068115234
2017-10-10,33.209999084472656
2017-10-11,33.060001373291016
2017-10-12,33.060001373291016
2017-10-13,32.95000076293945
2017-10-16,33.099998474121094
2017-10-17,33.099998474121094
2017-10-18,32.65999984741211
2017-10-19,32.5
2017-10-20,33.56999969482422
2017-10-23,31.709999084472656
2017-10-24,31.5
2017-10-25,31.06999969482422
2017-10-26,30.549999237060547
2017-10-27,28.469999313354492
2017-10-30,28.450000762939453
2017-10-31,27.760000228881836
2017-11-01,27.479999542236328
2017-11-02,26.850000381469727
2017-11-03,26.75
2017-11-06,26.459999084472656
2017-11-07,26.75
2017-11-08,26.100000381469727
2017-11-09,25.280000686645508
2017-11-10,25.15999984741211
2017-11-13,24.899999618530273
2017-11-14,25.889999389648438
2017-11-15,26.190000534057617
2017-11-16,26.690000534057617
2017-11-17,26.399999618530273
2017-11-20,26.81999969482422
2017-11-21,27.110000610351562
2017-11-22,26.829999923706055
2017-11-24,26.950000762939453
2017-11-27,26.959999084472656
2017-11-28,26.5
2017-11-29,27.020000457763672
2017-11-30,28.450000762939453
2017-12-01,27.229999542236328
2017-12-04,27.600000381469727
2017-12-05,27.309999465942383
2017-12-06,26.860000610351562
2017-12-07,26.709999084472656
2017-12-08,27.06999969482422
2017-12-11,26.940000534057617
2017-12-12,26.75
2017-12-13,26.860000610351562
2017-12-14,26.579999923706055
2017-12-15,25.90999984741211
2017-12-18,26.670000076293945
2017-12-19,27.100000381469727
2017-12-20,26.979999542236328
2017-12-21,26.59000015258789
2017-12-22,26.799999237060547
2017-12-26,26.68000030517578
2017-12-27,26.34000015258789
2017-12-28,26.139999389648438
2017-12-29,26.3799991607666
2018-01-02,26.100000381469727
2018-01-03,27.200000762939453
2018-01-04,28.270000457763672
2018-01-05,27.799999237060547
2018-01-08,27.540000915527344
2018-01-09,28.049999237060547
2018-01-10,27.889999389648438
2018-01-11,28.670000076293945
2018-01-12,29.889999389648438
2018-01-16,30.260000228881836
2018-01-17,29.81999969482422
2018-01-18,29.899999618530273
2018-01-19,29.469999313354492
2018-01-22,30.399999618530273
2018-01-23,30.270000457763672
2018-01-24,30.59000015258789
2018-01-25,30.190000534057617
2018-01-26,31.290000915527344
2018-01-29,31.100000381469727
2018-01-30,30.0
2018-01-31,30.329999923706055
2018-02-01,30.510000228881836
2018-02-02,30.81999969482422
2018-02-05,30.489999771118164
2018-02-06,28.610000610351562
2018-02-07,29.709999084472656
2018-02-08,30.239999771118164
2018-02-09,29.510000228881836
2018-02-12,29.3700008392334
2018-02-13,29.600000381469727
2018-02-14,29.450000762939453
2018-02-15,30.010000228881836
2018-02-16,29.989999771118164
2018-02-20,30.600000381469727
2018-02-21,30.059999465942383
2018-02-22,30.450000762939453
2018-02-23,30.209999084472656
2018-02-26,30.649999618530273
2018-02-27,30.790000915527344
2018-02-28,30.399999618530273
2018-03-01,29.280000686645508
2018-03-02,28.6299991607666
2018-03-05,29.700000762939453
2018-03-06,30.610000610351562
2018-03-07,30.450000762939453
2018-03-08,31.200000762939453
2018-03-09,31.0
2018-03-12,31.280000686645508
2018-03-13,31.770000457763672
2018-03-14,31.68000030517578
2018-03-15,31.600000381469727
2018-03-16,31.68000030517578
2018-03-19,31.950000762939453
2018-03-20,31.829999923706055
2018-03-21,31.479999542236328
2018-03-22,30.989999771118164
2018-03-23,30.209999084472656
2018-03-26,29.469999313354492
2018-03-27,29.979999542236328
2018-03-28,29.110000610351562
2018-03-29,29.43000030517578
2018-04-02,29.1200008392334
2018-04-03,28.8700008392334
2018-04-04,28.760000228881836
2018-04-05,29.6299991607666
2018-04-06,29.329999923706055
2018-04-09,29.059999465942383
2018-04-10,29.010000228881836
2018-04-11,28.93000030517578
2018-04-12,29.229999542236328
2018-04-13,30.030000686645508
2018-04-16,29.389999389648438
2018-04-17,29.649999618530273
2018-04-18,29.270000457763672
2018-04-19,29.049999237060547
2018-04-20,29.469999313354492
2018-04-23,29.760000228881836
2018-04-24,30.049999237060547
2018-04-25,29.899999618530273
2018-04-26,29.809999465942383
2018-04-27,29.3799991607666
2018-04-30,28.65999984741211
2018-05-01,28.940000534057617
2018-05-02,29.420000076293945
2018-05-03,29.040000915527344
2018-05-04,28.510000228881836
2018-05-07,29.31999969482422
2018-05-08,29.450000762939453
2018-05-09,29.959999084472656
2018-05-10,29.790000915527344
2018-05-11,29.829999923706055
2018-05-14,29.8700008392334
2018-05-15,29.399999618530273
2018-05-16,29.5
2018-05-17,29.399999618530273
2018-05-18,29.649999618530273
2018-05-21,29.239999771118164
2018-05-22,29.209999084472656
2018-05-23,29.799999237060547
2018-05-24,29.799999237060547
2018-05-25,30.25
2018-05-29,30.020000457763672
2018-05-30,29.940000534057617
2018-05-31,30.440000534057617
2018-06-01,30.610000610351562
2018-06-04,30.790000915527344
2018-06-05,31.09000015258789
2018-06-06,31.110000610351562
2018-06-07,31.93000030517578
2018-06-08,32.06999969482422
2018-06-11,31.649999618530273
2018-06-12,30.8799991607666
2018-06-13,30.489999771118164
2018-06-14,30.809999465942383
2018-06-15,30.079999923706055
2018-06-18,30.25
2018-06-19,29.989999771118164
2018-06-20,31.170000076293945
2018-06-21,31.56999969482422
2018-06-22,31.610000610351562
2018-06-25,31.030000686645508
2018-06-26,30.479999542236328
2018-06-27,29.969999313354492
2018-06-28,29.280000686645508
2018-06-29,29.209999084472656
2018-07-02,28.309999465942383
2018-07-03,29.110000610351562
2018-07-05,29.309999465942383
2018-07-06,29.31999969482422
2018-07-09,29.420000076293945
2018-07-10,29.90999984741211
2018-07-11,29.360000610351562
2018-07-12,29.59000015258789
2018-07-13,28.84000015258789
2018-07-16,28.719999313354492
2018-07-17,28.729999542236328
2018-07-18,28.809999465942383
2018-07-19,29.209999084472656
2018-07-20,28.860000610351562
2018-07-23,28.600000381469727
2018-07-24,28.950000762939453
2018-07-25,28.729999542236328
2018-07-26,27.299999237060547
2018-07-27,25.780000686645508
2018-07-30,25.809999465942383
2018-07-31,25.049999237060547
2018-08-01,25.450000762939453
2018-08-02,25.239999771118164
2018-08-03,25.940000534057617
2018-08-06,25.739999771118164
2018-08-07,25.950000762939453
2018-08-08,26.309999465942383
2018-08-09,26.469999313354492
2018-08-10,25.0
2018-08-13,24.979999542236328
2018-08-14,24.6200008392334
2018-08-15,24.8799991607666
2018-08-16,24.489999771118164
2018-08-17,24.68000030517578
2018-08-20,24.649999618530273
2018-08-21,24.670000076293945
2018-08-22,25.450000762939453
2018-08-23,25.5
2018-08-24,25.59000015258789
2018-08-27,25.06999969482422
2018-08-28,24.90999984741211
2018-08-29,24.690000534057617
2018-08-30,24.549999237060547
2018-08-31,24.530000686645508
2018-09-04,24.690000534057617
2018-09-05,24.75
2018-09-06,24.739999771118164
2018-09-07,24.579999923706055
2018-09-10,24.600000381469727
2018-09-11,24.3700008392334
2018-09-12,24.5
2018-09-13,24.190000534057617
2018-09-14,24.0
2018-09-17,24.139999389648438
2018-09-18,24.1200008392334
2018-09-19,23.940000534057617
2018-09-20,24.43000030517578
2018-09-21,24.850000381469727
2018-09-24,24.389999389648438
2018-09-25,24.059999465942383
2018-09-26,23.850000381469727
2018-09-27,23.56999969482422
2018-09-28,23.209999084472656
2018-10-01,23.709999084472656
2018-10-02,23.049999237060547
2018-10-03,23.459999084472656
2018-10-04,23.8700008392334
2018-10-05,23.68000030517578
2018-10-08,23.219999313354492
2018-10-09,23.729999542236328
2018-10-10,23.469999313354492
2018-10-11,23.209999084472656
2018-10-12,23.139999389648438
2018-10-15,22.889999389648438
2018-10-16,22.110000610351562
2018-10-17,21.079999923706055
2018-10-18,20.649999618530273
2018-10-19,19.940000534057617
2018-10-22,19.850000381469727
2018-10-23,18.81999969482422
2018-10-24,19.020000457763672
2018-10-25,18.6299991607666
2018-10-26,20.149999618530273
2018-10-29,21.459999084472656
2018-10-30,21.079999923706055
2018-10-31,21.190000534057617
2018-11-01,20.56999969482422
2018-11-02,20.899999618530273
2018-11-05,20.739999771118164
2018-11-06,21.020000457763672
2018-11-07,21.3799991607666
2018-11-08,21.049999237060547
2018-11-09,20.579999923706055
2018-11-12,20.239999771118164
2018-11-13,19.809999465942383
2018-11-14,19.81999969482422
2018-11-15,19.239999771118164
2018-11-16,19.520000457763672
2018-11-19,19.969999313354492
2018-11-20,19.729999542236328
2018-11-21,19.639999389648438
2018-11-23,19.649999618530273
2018-11-26,19.68000030517578
2018-11-27,19.440000534057617
2018-11-28,19.18000030517578
2018-11-29,19.290000915527344
2018-11-30,19.15999984741211
2018-12-03,19.75
2018-12-04,19.170000076293945
2018-12-06,17.690000534057617
2018-12-07,18.15999984741211
2018-12-10,18.079999923706055
2018-12-11,18.389999389648438
2018-12-12,18.40999984741211
2018-12-13,18.559999465942383
2018-12-14,17.790000915527344
2018-12-17,17.700000762939453
2018-12-18,18.260000228881836
2018-12-19,17.860000610351562
2018-12-20,17.520000457763672
2018-12-21,17.709999084472656
2018-12-24,16.899999618530273
2018-12-26,17.469999313354492
2018-12-27,18.100000381469727
2018-12-28,18.209999084472656
2018-12-31,18.299999237060547
2019-01-02,17.950000762939453
2019-01-03,18.8799991607666
2019-01-04,19.209999084472656
2019-01-07,19.5
2019-01-08,19.600000381469727
2019-01-09,19.479999542236328
2019-01-10,19.440000534057617
2019-01-11,18.93000030517578
2019-01-14,18.989999771118164
2019-01-15,19.469999313354492
2019-01-16,19.739999771118164
2019-01-17,20.309999465942383
2019-01-18,20.59000015258789
2019-01-22,20.799999237060547
2019-01-23,20.829999923706055
2019-01-24,20.520000457763672
2019-01-25,20.850000381469727
2019-01-28,19.899999618530273
2019-01-29,20.18000030517578
2019-01-30,20.270000457763672
2019-01-31,19.860000610351562
2019-02-01,19.700000762939453
2019-02-04,19.899999618530273
2019-02-05,20.260000228881836
2019-02-06,20.15999984741211
2019-02-07,20.309999465942383
2019-02-08,20.280000686645508
2019-02-11,19.959999084472656
2019-02-12,20.299999237060547
2019-02-13,20.540000915527344
2019-02-14,20.639999389648438
2019-02-15,21.049999237060547
2019-02-19,21.43000030517578
2019-02-20,21.6200008392334
2019-02-21,21.950000762939453
2019-02-22,21.899999618530273
2019-02-25,22.18000030517578
2019-02-26,21.690000534057617
2019-02-27,21.270000457763672
2019-02-28,21.299999237060547
2019-03-01,21.610000610351562
2019-03-04,21.520000457763672
2019-03-05,20.799999237060547
2019-03-06,20.530000686645508
2019-03-07,19.790000915527344
2019-03-08,19.200000762939453
2019-03-11,19.31999969482422
2019-03-12,19.299999237060547
2019-03-13,19.110000610351562
2019-03-14,19.229999542236328
2019-03-15,19.280000686645508
2019-03-18,19.100000381469727
2019-03-19,19.450000762939453
2019-03-20,19.0
2019-03-21,18.200000762939453
2019-03-22,17.959999084472656
2019-03-25,17.559999465942383
2019-03-26,17.90999984741211
2019-03-27,18.079999923706055
2019-03-28,18.280000686645508
2019-03-29,18.399999618530273
2019-04-01,18.43000030517578
2019-04-02,18.639999389648438
2019-04-03,18.969999313354492
2019-04-04,18.610000610351562
2019-04-05,19.1299991607666
2019-04-08,19.149999618530273
2019-04-09,19.489999771118164
2019-04-10,19.229999542236328
2019-04-11,20.280000686645508
2019-04-12,21.420000076293945
2019-04-15,22.049999237060547
2019-04-16,22.450000762939453
2019-04-17,22.979999542236328
2019-04-18,22.770000457763672
2019-04-22,22.139999389648438
2019-04-23,21.940000534057617
2019-04-24,22.290000915527344
2019-04-25,22.399999618530273
2019-04-26,21.639999389648438
2019-04-29,21.959999084472656
2019-04-30,22.450000762939453
2019-05-01,22.649999618530273
2019-05-02,22.18000030517578
2019-05-03,22.75
2019-05-06,22.649999618530273
2019-05-07,22.649999618530273
2019-05-08,22.280000686645508
2019-05-09,21.709999084472656
2019-05-10,21.6200008392334
2019-05-13,21.389999389648438
2019-05-14,20.899999618530273
2019-05-15,21.0
2019-05-16,20.770000457763672
2019-05-17,20.59000015258789
2019-05-20,20.520000457763672
2019-05-21,20.8799991607666
2019-05-22,20.989999771118164
2019-05-23,20.549999237060547
2019-05-24,20.5
2019-05-28,20.5
2019-05-29,20.139999389648438
2019-05-30,20.270000457763672
2019-05-31,19.510000228881836
2019-06-03,19.690000534057617
2019-06-04,19.700000762939453
2019-06-05,20.079999923706055
2019-06-06,19.90999984741211
2019-06-07,20.260000228881836
2019-06-10,20.329999923706055
2019-06-11,20.860000610351562
2019-06-12,20.739999771118164
2019-06-13,20.700000762939453
2019-06-14,20.700000762939453
2019-06-17,20.479999542236328
2019-06-18,20.079999923706055
2019-06-19,20.350000381469727
2019-06-20,20.600000381469727
2019-06-21,20.020000457763672
2019-06-24,20.09000015258789
2019-06-25,19.93000030517578
2019-06-26,19.899999618530273
2019-06-27,20.149999618530273
2019-06-28,20.860000610351562
2019-07-01,21.1200008392334
2019-07-02,20.6299991607666
2019-07-03,20.059999465942383
2019-07-05,20.40999984741211
2019-07-08,20.579999923706055
2019-07-09,20.209999084472656
2019-07-10,20.260000228881836
2019-07-11,20.100000381469727
2019-07-12,20.360000610351562
2019-07-15,20.25
2019-07-16,20.059999465942383
2019-07-17,19.899999618530273
2019-07-18,19.670000076293945
2019-07-19,19.889999389648438
2019-07-22,19.670000076293945
2019-07-23,19.34000015258789
2019-07-24,19.889999389648438
2019-07-25,20.299999237060547
2019-07-26,19.719999313354492
2019-07-29,20.549999237060547
2019-07-30,20.079999923706055
2019-07-31,20.709999084472656
2019-08-01,20.559999465942383
2019-08-02,19.540000915527344
2019-08-05,19.350000381469727
2019-08-06,19.0
2019-08-07,18.959999084472656
2019-08-08,19.209999084472656
2019-08-09,19.440000534057617
2019-08-12,19.1299991607666
2019-08-13,19.200000762939453
2019-08-14,19.18000030517578
2019-08-15,18.920000076293945
2019-08-16,18.649999618530273
2019-08-19,19.229999542236328
2019-08-20,19.139999389648438
2019-08-21,19.059999465942383
2019-08-22,19.149999618530273
2019-08-23,18.84000015258789
2019-08-26,18.56999969482422
2019-08-27,18.790000915527344
2019-08-28,18.260000228881836
2019-08-29,18.709999084472656
2019-08-30,18.940000534057617
2019-09-03,18.690000534057617
2019-09-04,18.5
2019-09-05,18.670000076293945
2019-09-06,18.8700008392334
2019-09-09,19.149999618530273
2019-09-10,20.280000686645508
2019-09-11,19.979999542236328
2019-09-12,20.389999389648438
2019-09-13,20.989999771118164
2019-09-16,21.149999618530273
2019-09-17,21.139999389648438
2019-09-18,20.899999618530273
2019-09-19,20.709999084472656
2019-09-20,20.729999542236328
2019-09-23,20.290000915527344
2019-09-24,20.860000610351562
2019-09-25,20.770000457763672
2019-09-26,21.139999389648438
2019-09-27,21.25
2019-09-30,21.170000076293945
2019-10-01,20.959999084472656
2019-10-02,19.889999389648438
2019-10-03,19.920000076293945
2019-10-04,19.729999542236328
2019-10-07,19.809999465942383
2019-10-08,19.760000228881836
2019-10-09,19.68000030517578
2019-10-10,19.56999969482422
2019-10-11,19.84000015258789
2019-10-14,19.93000030517578
2019-10-15,20.389999389648438
2019-10-16,20.649999618530273
2019-10-17,20.90999984741211
2019-10-18,20.770000457763672
2019-10-21,21.1299991607666
2019-10-22,21.479999542236328
2019-10-23,21.469999313354492
2019-10-24,22.510000228881836
2019-10-25,22.59000015258789
2019-10-28,22.950000762939453
2019-10-29,23.729999542236328
2019-10-30,24.0
2019-10-31,24.0
2019-11-01,23.829999923706055
2019-11-04,24.350000381469727
2019-11-05,24.8799991607666
2019-11-06,25.309999465942383
2019-11-07,25.299999237060547
2019-11-08,25.1299991607666
2019-11-11,24.600000381469727
2019-11-12,24.75
2019-11-13,24.549999237060547
2019-11-14,23.959999084472656
2019-11-15,24.440000534057617
2019-11-18,24.110000610351562
2019-11-19,24.049999237060547
2019-11-20,23.829999923706055
2019-11-21,24.110000610351562
2019-11-22,24.0
2019-11-25,23.8799991607666
2019-11-26,23.959999084472656
2019-11-27,23.579999923706055
2019-11-29,23.399999618530273
2019-12-02,23.459999084472656
2019-12-03,22.649999618530273
2019-12-04,22.6299991607666
2019-12-05,22.8799991607666
2019-12-06,23.3700008392334
2019-12-09,23.25
2019-12-10,23.360000610351562
2019-12-11,23.6200008392334
2019-12-12,23.6200008392334
2019-12-13,24.25
2019-12-16,24.100000381469727
2019-12-17,24.010000228881836
2019-12-18,24.290000915527344
2019-12-19,24.260000228881836
2019-12-20,24.489999771118164
2019-12-23,24.31999969482422
2019-12-24,23.93000030517578
2019-12-26,23.809999465942383
2019-12-27,24.059999465942383
2019-12-30,23.700000762939453
2019-12-31,23.700000762939453
2020-01-02,23.809999465942383
2020-01-03,23.190000534057617
2020-01-06,23.100000381469727
2020-01-07,23.1200008392334
2020-01-08,22.3799991607666
2020-01-09,22.68000030517578
2020-01-10,22.520000457763672
2020-01-13,22.3700008392334
2020-01-14,22.600000381469727
2020-01-15,22.09000015258789
2020-01-16,22.459999084472656
2020-01-17,22.649999618530273
2020-01-21,22.43000030517578
2020-01-22,22.350000381469727
2020-01-23,22.8799991607666
2020-01-24,23.81999969482422
2020-01-27,23.06999969482422
2020-01-28,23.020000457763672
2020-01-29,22.170000076293945
2020-01-30,21.600000381469727
2020-01-31,21.84000015258789
2020-02-03,21.459999084472656
2020-02-04,22.290000915527344
2020-02-05,22.489999771118164
2020-02-06,23.040000915527344
2020-02-07,22.270000457763672
2020-02-10,22.229999542236328
2020-02-11,22.270000457763672
2020-02-12,22.56999969482422
2020-02-13,22.190000534057617
2020-02-14,22.329999923706055
2020-02-18,22.440000534057617
2020-02-19,21.920000076293945
2020-02-20,21.75
2020-02-21,22.18000030517578
2020-02-24,21.3799991607666
2020-02-25,21.729999542236328
2020-02-26,21.459999084472656
2020-02-27,20.510000228881836
2020-02-28,20.010000228881836
2020-03-02,20.270000457763672
2020-03-03,21.010000228881836
2020-03-04,20.940000534057617
2020-03-05,20.299999237060547
2020-03-06,20.010000228881836
2020-03-09,17.110000610351562
2020-03-10,16.389999389648438
2020-03-11,16.1200008392334
2020-03-12,14.050000190734863
2020-03-13,14.880000114440918
2020-03-16,13.5
2020-03-17,12.050000190734863
2020-03-18,11.449999809265137
2020-03-19,10.359999656677246
2020-03-20,12.229999542236328
2020-03-23,11.260000228881836
2020-03-24,10.260000228881836
2020-03-25,10.170000076293945
2020-03-26,9.970000267028809
2020-03-27,10.579999923706055
2020-03-30,10.630000114440918
2020-03-31,10.170000076293945
2020-04-01,10.329999923706055
2020-04-02,10.0
2020-04-03,9.819999694824219
2020-04-06,9.350000381469727
2020-04-07,10.15999984741211
2020-04-08,10.020000457763672
2020-04-09,10.239999771118164
2020-04-13,11.3100004196167
2020-04-14,11.319999694824219
2020-04-15,10.010000228881836
2020-04-16,9.9399995803833
2020-04-17,9.670000076293945
2020-04-20,10.239999771118164
2020-04-21,9.859999656677246
2020-04-22,10.75
2020-04-23,10.300000190734863
2020-04-24,10.520000457763672
2020-04-27,10.960000038146973
2020-04-28,11.6899995803833
2020-04-29,11.8100004196167
2020-04-30,12.930000305175781
2020-05-01,12.319999694824219
2020-05-04,11.649999618530273
2020-05-05,12.229999542236328
2020-05-06,11.649999618530273
2020-05-07,10.989999771118164
2020-05-08,11.199999809265137
2020-05-11,11.109999656677246
2020-05-12,10.579999923706055
2020-05-13,9.6899995803833
2020-05-14,8.869999885559082
2020-05-15,8.670000076293945
2020-05-18,9.569999694824219
2020-05-19,10.34000015258789
2020-05-20,9.8100004196167
2020-05-21,10.420000076293945
2020-05-22,10.609999656677246
2020-05-26,10.770000457763672
2020-05-27,11.329999923706055
2020-05-28,12.0
2020-05-29,11.020000457763672
2020-06-01,11.220000267028809
2020-06-02,11.300000190734863
2020-06-03,11.710000038146973
2020-06-04,12.010000228881836
2020-06-05,12.989999771118164
2020-06-08,14.210000038146973
2020-06-09,14.430000305175781
2020-06-10,14.5600004196167
2020-06-11,12.170000076293945
2020-06-12,12.479999542236328
2020-06-15,11.25
2020-06-16,12.819999694824219
2020-06-17,12.979999542236328
2020-06-18,11.6899995803833
2020-06-19,12.050000190734863
2020-06-22,11.430000305175781
2020-06-23,12.239999771118164
2020-06-24,11.420000076293945
2020-06-25,10.880000114440918
2020-06-26,11.210000038146973
2020-06-29,11.1899995803833
2020-06-30,11.430000305175781
2020-07-01,12.109999656677246
2020-07-02,11.720000267028809
2020-07-06,11.640000343322754
2020-07-07,11.079999923706055
2020-07-08,10.739999771118164
2020-07-09,10.890000343322754
2020-07-10,10.359999656677246
2020-07-13,11.210000038146973
2020-07-14,11.180000305175781
2020-07-15,11.359999656677246
2020-07-16,11.5
2020-07-17,11.569999694824219
2020-07-20,11.050000190734863
2020-07-21,10.550000190734863
2020-07-22,11.050000190734863
2020-07-23,10.65999984741211
2020-07-24,11.199999809265137
2020-07-27,10.90999984741211
2020-07-28,10.399999618530273
2020-07-29,10.600000381469727
2020-07-30,11.319999694824219
2020-07-31,12.15999984741211
2020-08-03,11.90999984741211
2020-08-04,11.529999732971191
2020-08-05,11.829999923706055
2020-08-06,12.239999771118164
2020-08-07,12.25
2020-08-10,13.329999923706055
2020-08-11,13.550000190734863
2020-08-12,13.84000015258789
2020-08-13,13.350000381469727
2020-08-14,13.220000267028809
2020-08-17,13.529999732971191
2020-08-18,13.050000190734863
2020-08-19,12.4399995803833
2020-08-20,12.239999771118164
2020-08-21,12.25
2020-08-24,12.15999984741211
2020-08-25,12.8100004196167
2020-08-26,12.760000228881836
2020-08-27,12.470000267028809
2020-08-28,13.0600004196167
2020-08-31,12.8100004196167
2020-09-01,12.609999656677246
2020-09-02,12.5600004196167
2020-09-03,12.739999771118164
2020-09-04,13.069999694824219
2020-09-08,12.75
2020-09-09,12.300000190734863
2020-09-10,12.050000190734863
2020-09-11,11.960000038146973
2020-09-14,11.930000305175781
2020-09-15,12.079999923706055
2020-09-16,12.399999618530273
2020-09-17,12.300000190734863
2020-09-18,12.84000015258789
2020-09-21,12.1899995803833
2020-09-22,11.380000114440918
2020-09-23,10.970000267028809
2020-09-24,10.630000114440918
2020-09-25,10.640000343322754
2020-09-28,11.09000015258789
2020-09-29,11.300000190734863
2020-09-30,11.270000457763672
2020-10-01,11.199999809265137
2020-10-02,11.0600004196167
2020-10-05,11.890000343322754
2020-10-06,12.59000015258789
2020-10-07,12.829999923706055
2020-10-08,12.850000381469727
2020-10-09,13.1899995803833
2020-10-12,12.609999656677246
2020-10-13,12.8100004196167
2020-10-14,12.6899995803833
2020-10-15,12.229999542236328
2020-10-16,12.6899995803833
2020-10-19,12.869999885559082
2020-10-20,12.930000305175781
2020-10-21,12.930000305175781
2020-10-22,13.130000114440918
2020-10-23,13.949999809265137
2020-10-26,13.979999542236328
2020-10-27,13.800000190734863
2020-10-28,12.5
2020-10-29,13.550000190734863
2020-10-30,13.640000343322754
2020-11-02,14.119999885559082
2020-11-03,14.479999542236328
2020-11-04,14.649999618530273
2020-11-05,14.0
2020-11-06,15.079999923706055
2020-11-09,15.640000343322754
2020-11-10,16.989999771118164
2020-11-11,17.030000686645508
2020-11-12,16.1299991607666
2020-11-13,16.25
2020-11-16,17.790000915527344
2020-11-17,17.489999771118164
2020-11-18,17.920000076293945
2020-11-19,17.209999084472656
2020-11-20,17.09000015258789
2020-11-23,17.030000686645508
2020-11-24,17.799999237060547
2020-11-25,18.049999237060547
2020-11-27,17.75
2020-11-30,17.670000076293945
2020-12-01,17.399999618530273
2020-12-02,17.25
2020-12-03,17.899999618530273
2020-12-04,18.770000457763672
2020-12-07,18.84000015258789
2020-12-08,18.389999389648438
2020-12-09,19.1200008392334
2020-12-10,18.760000228881836
2020-12-11,18.3700008392334
2020-12-14,18.950000762939453
2020-12-15,18.959999084472656
2020-12-16,19.1299991607666
2020-12-17,18.1200008392334
2020-12-18,18.219999313354492
2020-12-21,17.479999542236328
2020-12-22,18.190000534057617
2020-12-23,17.6299991607666
2020-12-24,17.850000381469727
2020-12-28,18.1200008392334
2020-12-29,18.25
2020-12-30,18.059999465942383
2020-12-31,18.06999969482422
2021-01-04,18.3700008392334
2021-01-05,18.149999618530273
2021-01-06,19.43000030517578
2021-01-07,21.350000381469727
2021-01-08,21.729999542236328
2021-01-11,21.389999389648438
2021-01-12,22.1200008392334
2021-01-13,22.1299991607666
2021-01-14,22.110000610351562
2021-01-15,22.6299991607666
2021-01-19,22.899999618530273
2021-01-20,22.760000228881836
2021-01-21,22.979999542236328
2021-01-22,22.0
2021-01-25,22.299999237060547
2021-01-26,22.420000076293945
2021-01-27,21.510000228881836
2021-01-28,21.790000915527344
2021-01-29,22.760000228881836
2021-02-01,22.450000762939453
2021-02-02,22.700000762939453
2021-02-03,22.700000762939453
2021-02-04,23.350000381469727
2021-02-05,24.010000228881836
2021-02-08,25.0
2021-02-09,26.110000610351562
2021-02-10,26.3799991607666
2021-02-11,26.489999771118164
2021-02-12,26.270000457763672
2021-02-16,27.440000534057617
2021-02-17,26.56999969482422
2021-02-18,26.559999465942383
2021-02-19,26.170000076293945
2021-02-22,26.459999084472656
2021-02-23,27.649999618530273
2021-02-24,27.989999771118164
2021-02-25,28.780000686645508
2021-02-26,27.1299991607666
2021-03-01,27.399999618530273
2021-03-02,27.469999313354492
2021-03-03,27.790000915527344
2021-03-04,28.040000915527344
2021-03-05,28.440000534057617
2021-03-08,28.850000381469727
2021-03-09,29.940000534057617
2021-03-10,30.549999237060547
2021-03-11,31.530000686645508
2021-03-12,31.549999237060547
2021-03-15,31.959999084472656
2021-03-16,31.1299991607666
2021-03-17,30.93000030517578
2021-03-18,31.93000030517578
2021-03-19,31.399999618530273
2021-03-22,31.93000030517578
2021-03-23,30.93000030517578
2021-03-24,30.290000915527344
2021-03-25,30.040000915527344
2021-03-26,31.649999618530273
2021-03-29,31.68000030517578
2021-03-30,31.0
2021-03-31,31.979999542236328
2021-04-01,31.540000915527344
2021-04-05,32.43000030517578
2021-04-06,31.920000076293945
2021-04-07,31.59000015258789
2021-04-08,31.100000381469727
2021-04-09,31.940000534057617
2021-04-12,32.599998474121094
2021-04-13,33.380001068115234
2021-04-14,31.389999389648438
2021-04-15,32.15999984741211
2021-04-16,32.529998779296875
2021-04-19,31.729999542236328
2021-04-20,31.969999313354492
2021-04-21,29.899999618530273
2021-04-22,30.59000015258789
2021-04-23,31.0
2021-04-26,32.33000183105469
2021-04-27,32.150001525878906
2021-04-28,32.61000061035156
2021-04-29,33.470001220703125
2021-04-30,33.349998474121094
2021-05-03,35.06999969482422
2021-05-04,34.810001373291016
2021-05-05,35.7400016784668
2021-05-06,35.119998931884766
2021-05-07,34.72999954223633
2021-05-10,35.439998626708984
2021-05-11,34.36000061035156
2021-05-12,35.06999969482422
2021-05-13,33.31999969482422
2021-05-14,34.470001220703125
2021-05-17,34.68000030517578
2021-05-18,35.08000183105469
2021-05-19,35.040000915527344
2021-05-20,35.720001220703125
2021-05-21,35.54999923706055
2021-05-24,36.54999923706055
2021-05-25,36.810001373291016
2021-05-26,35.849998474121094
2021-05-27,37.529998779296875
2021-05-28,38.18000030517578
2021-06-01,38.2400016784668
2021-06-02,39.08000183105469
2021-06-03,39.61000061035156
2021-06-04,40.459999084472656
2021-06-07,41.22999954223633
2021-06-08,43.33000183105469
2021-06-09,42.869998931884766
2021-06-10,42.7400016784668
2021-06-11,40.33000183105469
2021-06-14,41.13999938964844
2021-06-15,39.45000076293945
2021-06-16,39.84000015258789
2021-06-17,41.900001525878906
2021-06-18,38.77000045776367
2021-06-21,38.119998931884766
2021-06-22,39.630001068115234
2021-06-23,39.68000030517578
2021-06-24,39.689998626708984
2021-06-25,40.18000030517578
2021-06-28,40.70000076293945
2021-06-29,39.36000061035156
2021-06-30,38.959999084472656
2021-07-01,39.380001068115234
2021-07-02,39.54999923706055
2021-07-06,39.02000045776367
2021-07-07,38.099998474121094
2021-07-08,37.90999984741211
2021-07-09,38.849998474121094
2021-07-12,40.0099983215332
2021-07-13,39.900001525878906
2021-07-14,38.47999954223633
2021-07-15,37.59000015258789
2021-07-16,38.41999816894531
2021-07-19,35.16999816894531
2021-07-20,34.970001220703125
2021-07-21,37.45000076293945
2021-07-22,37.56999969482422
2021-07-23,37.43000030517578
2021-07-26,37.52000045776367
2021-07-27,37.459999084472656
2021-07-28,37.68000030517578
2021-07-29,36.0
2021-07-30,36.849998474121094
2021-08-02,36.38999938964844
2021-08-03,36.72999954223633
2021-08-04,36.66999816894531
2021-08-05,38.0
2021-08-06,39.880001068115234
2021-08-09,39.34000015258789
2021-08-10,39.15999984741211
2021-08-11,39.720001220703125
2021-08-12,40.38999938964844
2021-08-13,39.560001373291016
2021-08-16,38.25
2021-08-17,38.72999954223633
2021-08-18,38.0
2021-08-19,37.20000076293945
2021-08-20,37.2599983215332
2021-08-23,38.939998626708984
2021-08-24,38.84000015258789
2021-08-25,39.29999923706055
2021-08-26,40.08000183105469
2021-08-27,40.70000076293945
2021-08-30,43.849998474121094
2021-08-31,40.81999969482422
2021-09-01,41.41999816894531
2021-09-02,40.9900016784668
2021-09-03,40.0
2021-09-07,39.5099983215332
2021-09-08,38.41999816894531
2021-09-09,38.20000076293945
2021-09-10,38.779998779296875
2021-09-13,38.25
2021-09-14,38.790000915527344
2021-09-15,37.630001068115234
2021-09-16,39.11000061035156
2021-09-17,39.16999816894531
2021-09-20,37.599998474121094
2021-09-21,37.95000076293945
2021-09-22,38.15999984741211
2021-09-23,39.95000076293945
2021-09-24,41.060001373291016
2021-09-27,41.58000183105469
2021-09-28,42.0
2021-09-29,41.939998626708984
2021-09-30,43.11000061035156
2021-10-01,43.349998474121094
2021-10-04,43.560001373291016
2021-10-05,44.459999084472656
2021-10-06,44.130001068115234
2021-10-07,44.459999084472656
2021-10-08,44.7599983215332
2021-10-11,45.29999923706055
2021-10-12,43.90999984741211
2021-10-13,43.93000030517578
2021-10-14,44.2400016784668
2021-10-15,45.470001220703125
2021-10-18,45.40999984741211
2021-10-19,46.66999816894531
2021-10-20,46.029998779296875
2021-10-21,47.209999084472656
2021-10-22,47.61000061035156
2021-10-25,48.06999969482422
2021-10-26,47.91999816894531
2021-10-27,47.209999084472656
2021-10-28,48.75
2021-10-29,51.68000030517578
2021-11-01,53.93000030517578
2021-11-02,55.22999954223633
2021-11-03,55.56999969482422
2021-11-04,58.04999923706055
2021-11-05,58.25
2021-11-08,59.68000030517578
2021-11-09,58.439998626708984
2021-11-10,60.0
2021-11-11,59.22999954223633
2021-11-12,59.2599983215332
2021-11-15,59.45000076293945
2021-11-16,58.189998626708984
2021-11-17,57.15999984741211
2021-11-18,57.150001525878906
2021-11-19,55.9900016784668
2021-11-22,57.220001220703125
2021-11-23,57.70000076293945
2021-11-24,57.790000915527344
2021-11-26,55.84000015258789
2021-11-29,59.099998474121094
2021-11-30,58.040000915527344
2021-12-01,59.459999084472656
2021-12-02,57.099998474121094
2021-12-03,60.18000030517578
2021-12-06,59.02000045776367
2021-12-07,56.97999954223633
2021-12-08,58.29999923706055
2021-12-09,57.439998626708984
2021-12-10,57.56999969482422
2021-12-13,57.849998474121094
2021-12-14,55.650001525878906
2021-12-15,58.5
2021-12-16,61.779998779296875
2021-12-17,64.26000213623047
2021-12-20,55.189998626708984
2021-12-21,57.91999816894531
2021-12-22,60.349998474121094
2021-12-23,62.77000045776367
2021-12-27,63.40999984741211
2021-12-28,64.95999908447266
2021-12-29,64.37000274658203
2021-12-30,65.6500015258789
2021-12-31,64.5
2022-01-03,66.0
2022-01-04,68.16000366210938
2022-01-05,70.36000061035156
2022-01-06,71.08999633789062
2022-01-07,72.36000061035156
2022-01-10,74.9000015258789
2022-01-11,71.97000122070312
2022-01-12,71.4000015258789
2022-01-13,70.0999984741211
2022-01-14,70.0999984741211
2022-01-18,74.70999908447266
2022-01-19,73.0999984741211
2022-01-20,68.2300033569336
2022-01-21,63.959999084472656
2022-01-24,59.970001220703125
2022-01-25,59.939998626708984
2022-01-26,62.54999923706055
2022-01-27,61.20000076293945
2022-01-28,57.25
2022-01-31,57.58000183105469
2022-02-01,58.70000076293945
2022-02-02,58.5
2022-02-03,59.189998626708984
2022-02-04,60.099998474121094
2022-02-07,61.29999923706055
2022-02-08,62.279998779296875
2022-02-09,62.869998931884766
2022-02-10,61.970001220703125
2022-02-11,63.209999084472656
2022-02-14,62.439998626708984
2022-02-15,61.720001220703125
2022-02-16,63.91999816894531
2022-02-17,63.54999923706055
2022-02-18,61.0
2022-02-22,60.209999084472656
2022-02-23,61.59000015258789
2022-02-24,56.34000015258789
2022-02-25,58.86000061035156
2022-02-28,59.41999816894531
2022-03-01,60.7400016784668
2022-03-02,57.06999969482422
2022-03-03,61.040000915527344
2022-03-04,58.900001525878906
2022-03-07,51.79999923706055
2022-03-08,50.709999084472656
2022-03-09,54.150001525878906
2022-03-10,54.380001068115234
2022-03-11,56.29999923706055
2022-03-14,56.9900016784668
2022-03-15,56.58000183105469
2022-03-16,57.84000015258789
2022-03-17,58.220001220703125
2022-03-18,58.540000915527344
2022-03-21,56.9900016784668
2022-03-22,57.459999084472656
2022-03-23,56.529998779296875
2022-03-24,53.2599983215332
2022-03-25,53.65999984741211
2022-03-28,53.959999084472656
2022-03-29,53.93000030517578
2022-03-30,56.16999816894531
2022-03-31,53.029998779296875
2022-04-01,52.849998474121094
2022-04-04,50.529998779296875
2022-04-05,49.70000076293945
2022-04-06,48.119998931884766
2022-04-07,46.9900016784668
2022-04-08,46.040000915527344
2022-04-11,45.29999923706055
2022-04-12,45.34000015258789
2022-04-13,44.15999984741211
2022-04-14,45.369998931884766
2022-04-18,43.81999969482422
2022-04-19,45.06999969482422
2022-04-20,47.29999923706055
2022-04-21,47.779998779296875
2022-04-22,44.90999984741211
2022-04-25,42.16999816894531
2022-04-26,42.4900016784668
2022-04-27,41.540000915527344
2022-04-28,44.79999923706055
2022-04-29,43.33000183105469
2022-05-02,42.0
2022-05-03,43.18000030517578
2022-05-04,43.650001525878906
2022-05-05,44.52000045776367
2022-05-06,42.97999954223633
2022-05-09,42.349998474121094
2022-05-10,41.290000915527344
2022-05-11,39.79999923706055
2022-05-12,38.060001373291016
2022-05-13,39.220001220703125
2022-05-16,39.31999969482422
2022-05-17,39.66999816894531
2022-05-18,39.47999954223633
2022-05-19,38.45000076293945
2022-05-20,39.0
2022-05-23,39.560001373291016
2022-05-24,38.279998779296875
2022-05-25,37.97999954223633
2022-05-26,39.47999954223633
2022-05-27,40.5099983215332
2022-05-31,40.63999938964844
2022-06-01,41.2599983215332
2022-06-02,40.0
2022-06-03,41.20000076293945
2022-06-06,41.529998779296875
2022-06-07,40.650001525878906
2022-06-08,40.93000030517578
2022-06-09,41.060001373291016
2022-06-10,38.08000183105469
2022-06-13,35.18000030517578
2022-06-14,33.09000015258789
2022-06-15,33.939998626708984
2022-06-16,33.40999984741211
2022-06-17,33.7400016784668
2022-06-21,35.560001373291016
2022-06-22,34.13999938964844
2022-06-23,34.11000061035156
2022-06-24,34.5
2022-06-27,35.790000915527344
2022-06-28,36.06999969482422
2022-06-29,34.9900016784668
2022-06-30,33.93000030517578
2022-07-01,33.9900016784668
2022-07-05,33.58000183105469
2022-07-06,34.54999923706055
2022-07-07,34.869998931884766
2022-07-08,35.09000015258789
2022-07-11,34.310001373291016
2022-07-12,33.56999969482422
2022-07-13,34.349998474121094
2022-07-14,33.11000061035156
2022-07-15,34.119998931884766
2022-07-18,35.93000030517578
2022-07-19,37.40999984741211
2022-07-20,37.90999984741211
2022-07-21,39.16999816894531
2022-07-22,38.61000061035156
2022-07-25,38.209999084472656
2022-07-26,38.08000183105469
2022-07-27,38.06999969482422
2022-07-28,38.59000015258789
2022-07-29,37.5
2022-08-01,37.58000183105469
2022-08-02,36.970001220703125
2022-08-03,36.790000915527344
2022-08-04,37.0099983215332
2022-08-05,36.56999969482422
2022-08-08,37.04999923706055
2022-08-09,36.59000015258789
2022-08-10,37.41999816894531
2022-08-11,38.83000183105469
2022-08-12,39.220001220703125
2022-08-15,39.400001525878906
2022-08-16,40.29999923706055
2022-08-17,40.0
2022-08-18,39.220001220703125
2022-08-19,39.040000915527344
2022-08-22,37.0
2022-08-23,36.7599983215332
2022-08-24,36.0
2022-08-25,36.150001525878906
2022-08-26,37.400001525878906
2022-08-29,35.209999084472656
2022-08-30,35.45000076293945
2022-08-31,35.43000030517578
2022-09-01,34.58000183105469
2022-09-02,34.619998931884766
2022-09-06,33.63999938964844
2022-09-07,31.899999618530273
2022-09-08,32.060001373291016
2022-09-09,33.470001220703125
2022-09-12,33.9900016784668
2022-09-13,33.529998779296875
2022-09-14,32.95000076293945
2022-09-15,32.709999084472656
2022-09-16,32.59000015258789
2022-09-19,32.36000061035156
2022-09-20,32.91999816894531
2022-09-21,33.130001068115234
2022-09-22,33.119998931884766
2022-09-23,30.84000015258789
2022-09-26,30.059999465942383
2022-09-27,30.489999771118164
2022-09-28,30.049999237060547
2022-09-29,29.75
2022-09-30,29.729999542236328
2022-10-03,30.0
2022-10-04,31.420000076293945
2022-10-05,32.470001220703125
2022-10-06,32.43000030517578
2022-10-07,31.479999542236328
2022-10-10,31.350000381469727
2022-10-11,30.530000686645508
2022-10-12,31.229999542236328
2022-10-13,30.739999771118164
2022-10-14,33.380001068115234
2022-10-17,32.75
2022-10-18,34.060001373291016
2022-10-19,32.70000076293945
2022-10-20,32.2599983215332
2022-10-21,31.270000457763672
2022-10-24,31.6299991607666
2022-10-25,31.950000762939453
2022-10-26,33.0
2022-10-27,32.66999816894531
2022-10-28,33.060001373291016
2022-10-31,33.79999923706055
2022-11-01,34.27000045776367
2022-11-02,32.90999984741211
2022-11-03,31.0
2022-11-04,32.0099983215332
2022-11-07,33.2599983215332
2022-11-08,33.66999816894531
2022-11-09,32.029998779296875
2022-11-10,31.969999313354492
2022-11-11,34.5
2022-11-14,34.5
2022-11-15,33.349998474121094
2022-11-16,33.0
2022-11-17,32.04999923706055
2022-11-18,32.619998931884766
2022-11-21,31.84000015258789
2022-11-22,31.90999984741211
2022-11-23,31.90999984741211
2022-11-25,32.29999923706055
2022-11-28,31.729999542236328
2022-11-29,31.239999771118164
2022-11-30,31.700000762939453
2022-12-01,32.369998931884766
2022-12-02,31.43000030517578
2022-12-05,31.360000610351562
2022-12-06,30.15999984741211
2022-12-07,30.040000915527344
2022-12-08,29.770000457763672
2022-12-09,29.450000762939453
2022-12-12,29.969999313354492
2022-12-13,30.950000762939453
2022-12-14,29.670000076293945
2022-12-15,28.350000381469727
2022-12-16,26.860000610351562
2022-12-19,27.1299991607666
2022-12-20,27.739999771118164
2022-12-21,27.8700008392334
2022-12-22,27.93000030517578
2022-12-23,27.920000076293945
2022-12-27,28.420000076293945
2022-12-28,28.43000030517578
2022-12-29,27.90999984741211
2022-12-30,28.34000015258789
2023-01-03,28.5
2023-01-04,28.450000762939453
2023-01-05,27.889999389648438
2023-01-06,27.110000610351562
2023-01-09,28.360000610351562
2023-01-10,28.149999618530273
2023-01-11,28.8700008392334
2023-01-12,29.309999465942383
2023-01-13,29.010000228881836
2023-01-17,29.579999923706055
2023-01-18,29.280000686645508
2023-01-19,28.389999389648438
2023-01-20,29.31999969482422
2023-01-23,31.219999313354492
2023-01-24,32.0
2023-01-25,31.299999237060547
2023-01-26,31.049999237060547
2023-01-27,27.010000228881836
2023-01-30,27.700000762939453
2023-01-31,28.399999618530273
2023-02-01,30.020000457763672
2023-02-02,31.0
2023-02-03,31.43000030517578
2023-02-06,32.38999938964844
2023-02-07,31.770000457763672
2023-02-08,32.349998474121094
2023-02-09,32.41999816894531
2023-02-10,31.920000076293945
2023-02-13,31.920000076293945
2023-02-14,32.119998931884766
2023-02-15,31.520000457763672
2023-02-16,32.0099983215332
2023-02-17,31.809999465942383
2023-02-21,31.489999771118164
2023-02-22,30.690000534057617
2023-02-23,30.850000381469727
2023-02-24,30.540000915527344
2023-02-27,31.389999389648438
2023-02-28,30.989999771118164
2023-03-01,30.780000686645508
2023-03-02,30.200000762939453
2023-03-03,30.600000381469727
2023-03-06,30.5
2023-03-07,29.6299991607666
2023-03-08,28.8799991607666
2023-03-09,28.440000534057617
2023-03-10,25.049999237060547
2023-03-13,16.450000762939453
2023-03-14,20.25
2023-03-15,17.049999237060547
2023-03-16,19.59000015258789
2023-03-17,19.809999465942383
2023-03-20,18.329999923706055
2023-03-21,19.15999984741211
2023-03-22,19.639999389648438
2023-03-23,18.40999984741211
2023-03-24,16.920000076293945
2023-03-27,18.93000030517578
2023-03-28,17.829999923706055
2023-03-29,18.530000686645508
2023-03-30,19.34000015258789
2023-03-31,18.5
2023-04-03,18.579999923706055
2023-04-04,18.1200008392334
2023-04-05,17.049999237060547
2023-04-06,16.969999313354492
2023-04-10,17.059999465942383
2023-04-11,17.489999771118164
2023-04-12,17.81999969482422
2023-04-13,17.790000915527344
2023-04-14,18.6200008392334
2023-04-17,17.3700008392334
2023-04-18,18.049999237060547
2023-04-19,17.950000762939453
2023-04-20,19.040000915527344
2023-04-21,19.15999984741211
2023-04-24,18.829999923706055
2023-04-25,18.6200008392334
2023-04-26,17.760000228881836
2023-04-27,18.149999618530273
2023-04-28,22.149999618530273
2023-05-01,22.110000610351562
2023-05-02,20.84000015258789
2023-05-03,18.209999084472656
2023-05-04,16.709999084472656
2023-05-05,17.329999923706055
2023-05-08,19.309999465942383
2023-05-09,17.520000457763672
2023-05-10,17.84000015258789
2023-05-11,16.56999969482422
2023-05-12,17.010000228881836
2023-05-15,17.229999542236328
2023-05-16,18.760000228881836
2023-05-17,20.200000762939453
2023-05-18,21.90999984741211
2023-05-19,22.770000457763672
2023-05-22,22.200000762939453
2023-05-23,24.3700008392334
2023-05-24,23.270000457763672
2023-05-25,23.329999923706055
2023-05-26,23.700000762939453
2023-05-30,24.780000686645508
2023-05-31,24.309999465942383
2023-06-01,23.59000015258789
2023-06-02,24.299999237060547
2023-06-05,25.84000015258789
2023-06-06,25.25
2023-06-07,27.989999771118164
2023-06-08,29.3700008392334
2023-06-09,28.670000076293945
2023-06-12,27.18000030517578
2023-06-13,27.209999084472656
2023-06-14,28.5
2023-06-15,27.219999313354492
2023-06-16,29.8700008392334
2023-06-20,29.229999542236328
2023-06-21,29.170000076293945
2023-06-22,28.81999969482422
2023-06-23,27.100000381469727
2023-06-26,28.149999618530273
2023-06-27,27.700000762939453
2023-06-28,29.059999465942383
2023-06-29,31.209999084472656
2023-06-30,31.149999618530273
2023-07-03,30.239999771118164
2023-07-05,30.440000534057617
2023-07-06,31.3700008392334
2023-07-07,31.299999237060547
2023-07-10,32.720001220703125
2023-07-11,34.09000015258789
2023-07-12,34.97999954223633
2023-07-13,36.560001373291016
2023-07-14,36.61000061035156
2023-07-17,35.720001220703125
2023-07-18,37.22999954223633
2023-07-19,39.540000915527344
2023-07-20,40.099998474121094
2023-07-21,39.849998474121094
2023-07-24,40.0099983215332
2023-07-25,41.400001525878906
2023-07-26,41.52000045776367
2023-07-27,42.22999954223633
2023-07-28,45.0
2023-07-31,42.25
2023-08-01,41.61000061035156
2023-08-02,40.04999923706055
2023-08-03,40.63999938964844
2023-08-04,40.33000183105469
2023-08-07,41.0
2023-08-08,39.529998779296875
2023-08-09,41.040000915527344
2023-08-10,39.83000183105469
2023-08-11,38.15999984741211
2023-08-14,37.52000045776367
2023-08-15,37.15999984741211
2023-08-16,36.36000061035156
2023-08-17,36.599998474121094
2023-08-18,35.380001068115234
2023-08-21,35.7599983215332
2023-08-22,35.11000061035156
2023-08-23,34.0099983215332
2023-08-24,34.72999954223633
2023-08-25,34.7599983215332
2023-08-28,34.939998626708984
2023-08-29,34.72999954223633
2023-08-30,35.290000915527344
2023-08-31,34.72999954223633
2023-09-01,35.279998779296875
2023-09-05,34.970001220703125
2023-09-06,33.939998626708984
2023-09-07,34.33000183105469
2023-09-08,34.91999816894531
2023-09-11,35.18000030517578
2023-09-12,34.66999816894531
2023-09-13,34.54999923706055
2023-09-14,33.939998626708984
2023-09-15,34.41999816894531
2023-09-18,34.290000915527344
2023-09-19,33.400001525878906
2023-09-20,33.54999923706055
2023-09-21,32.209999084472656
2023-09-22,32.2599983215332
2023-09-25,31.809999465942383
2023-09-26,31.709999084472656
2023-09-27,32.439998626708984
2023-09-28,32.0
2023-09-29,34.459999084472656
2023-10-02,34.630001068115234
2023-10-03,32.68000030517578
2023-10-04,32.54999923706055
2023-10-05,32.470001220703125
2023-10-06,32.81999969482422
2023-10-09,32.959999084472656
2023-10-10,32.65999984741211
2023-10-11,33.310001373291016
2023-10-12,33.380001068115234
2023-10-13,33.119998931884766
2023-10-16,32.25
2023-10-17,32.90999984741211
2023-10-18,34.04999923706055
2023-10-19,34.31999969482422
2023-10-20,33.040000915527344
2023-10-23,31.84000015258789
2023-10-24,32.5099983215332
2023-10-25,32.58000183105469
2023-10-26,32.38999938964844
2023-10-27,36.790000915527344
2023-10-30,41.16999816894531
2023-10-31,40.25
2023-11-01,40.529998779296875
2023-11-02,40.880001068115234
2023-11-03,42.91999816894531
2023-11-06,44.93000030517578
2023-11-07,44.25
2023-11-08,43.29999923706055
2023-11-09,42.22999954223633
2023-11-10,41.400001525878906
2023-11-13,40.79999923706055
2023-11-14,43.16999816894531
2023-11-15,44.18000030517578
2023-11-16,44.70000076293945
2023-11-17,44.209999084472656
2023-11-20,46.29999923706055
2023-11-21,45.630001068115234
2023-11-22,45.38999938964844
2023-11-24,45.33000183105469
2023-11-27,44.70000076293945
2023-11-28,44.52000045776367
2023-11-29,44.790000915527344
2023-11-30,46.060001373291016
2023-12-01,44.79999923706055
2023-12-04,47.33000183105469
2023-12-05,49.15999984741211
2023-12-06,49.15999984741211
2023-12-07,48.869998931884766
2023-12-08,48.66999816894531
2023-12-11,50.0
2023-12-12,48.91999816894531
2023-12-13,49.15999984741211
2023-12-14,53.02000045776367
2023-12-15,54.220001220703125
2023-12-18,54.18000030517578
2023-12-19,54.0099983215332
2023-12-20,56.790000915527344
2023-12-21,56.4900016784668
2023-12-22,56.900001525878906
2023-12-26,56.91999816894531
2023-12-27,58.56999969482422
2023-12-28,59.880001068115234
2023-12-29,59.33000183105469
2024-01-02,56.81999969482422
2024-01-03,55.25
2024-01-04,52.9900016784668
2024-01-05,51.529998779296875
2024-01-08,52.0099983215332
2024-01-09,51.779998779296875
2024-01-10,51.7400016784668
2024-01-11,51.970001220703125
2024-01-12,53.5
2024-01-16,51.470001220703125
2024-01-17,49.970001220703125
2024-01-18,52.029998779296875
2024-01-19,51.5
2024-01-22,52.4900016784668
2024-01-23,53.72999954223633
2024-01-24,53.95000076293945
2024-01-25,53.209999084472656
2024-01-26,53.0
2024-01-29,55.66999816894531
2024-01-30,56.0
2024-01-31,54.91999816894531
2024-02-01,53.52000045776367
2024-02-02,50.65999984741211
2024-02-05,50.91999816894531
2024-02-06,51.220001220703125
2024-02-07,50.5099983215332
2024-02-08,50.22999954223633
2024-02-09,50.619998931884766
2024-02-12,51.349998474121094
2024-02-13,50.439998626708984
2024-02-14,52.4900016784668
2024-02-15,52.91999816894531
2024-02-16,53.43000030517578
2024-02-20,52.66999816894531
2024-02-21,52.0099983215332
2024-02-22,52.0
2024-02-23,52.650001525878906
2024-02-26,52.16999816894531
2024-02-27,53.25
2024-02-28,53.18000030517578
2024-02-29,54.45000076293945
2024-03-01,53.66999816894531
2024-03-04,55.060001373291016
2024-03-05,51.900001525878906
2024-03-06,54.060001373291016
2024-03-07,55.27000045776367
2024-03-08,55.93000030517578
2024-03-11,54.40999984741211
2024-03-12,53.75
2024-03-13,52.0
2024-03-14,51.41999816894531
2024-03-15,48.68000030517578
2024-03-18,49.91999816894531
2024-03-19,49.54999923706055
2024-03-20,50.439998626708984
2024-03-21,53.959999084472656
2024-03-22,54.43000030517578
2024-03-25,52.04999923706055
2024-03-26,53.2599983215332
2024-03-27,52.02000045776367
2024-03-28,52.83000183105469
2024-04-01,53.31999969482422
2024-04-02,51.029998779296875
2024-04-03,50.77000045776367
2024-04-04,51.63999938964844
2024-04-05,49.65999984741211
2024-04-08,51.29999923706055
2024-04-09,53.060001373291016
2024-04-10,50.869998931884766
2024-04-11,50.0
2024-04-12,49.15999984741211
2024-04-15,49.0
2024-04-16,46.11000061035156
2024-04-17,46.95000076293945
2024-04-18,46.470001220703125
2024-04-19,46.47999954223633
2024-04-22,48.369998931884766
2024-04-23,49.0
2024-04-24,49.959999084472656
2024-04-25,49.529998779296875
2024-04-26,48.310001373291016
2024-04-29,46.68000030517578
2024-04-30,47.58000183105469
2024-05-01,46.34000015258789
2024-05-02,46.970001220703125
2024-05-03,48.58000183105469
2024-05-06,48.779998779296875
2024-05-07,48.2599983215332
2024-05-08,47.119998931884766
2024-05-09,47.779998779296875
2024-05-10,48.5099983215332
2024-05-13,49.22999954223633
2024-05-14,49.720001220703125
2024-05-15,49.939998626708984
2024-05-16,48.810001373291016
2024-05-17,48.63999938964844
2024-05-20,49.0
2024-05-21,47.689998626708984
2024-05-22,47.15999984741211
2024-05-23,47.439998626708984
2024-05-24,45.790000915527344
2024-05-28,45.290000915527344
2024-05-29,43.90999984741211
2024-05-30,44.56999969482422
2024-05-31,45.029998779296875
2024-06-03,45.97999954223633
2024-06-04,43.5099983215332
2024-06-05,43.4900016784668
2024-06-06,43.22999954223633
2024-06-07,43.04999923706055
2024-06-10,42.79999923706055
2024-06-11,42.70000076293945
2024-06-12,44.18000030517578
2024-06-13,44.970001220703125
2024-06-14,43.720001220703125
2024-06-17,43.95000076293945
2024-06-18,45.52000045776367
2024-06-20,44.40999984741211
2024-06-21,45.81999969482422
2024-06-24,45.59000015258789
2024-06-25,46.439998626708984
2024-06-26,46.099998474121094
2024-06-27,46.880001068115234
2024-06-28,47.34000015258789
2024-07-01,48.54999923706055
2024-07-02,48.34000015258789
2024-07-03,49.63999938964844
2024-07-05,48.290000915527344
2024-07-08,48.54999923706055
2024-07-09,47.880001068115234
2024-07-10,49.66999816894531
2024-07-11,53.540000915527344
2024-07-12,56.13999938964844
2024-07-15,57.150001525878906
2024-07-16,59.209999084472656
2024-07-17,62.0
2024-07-18,61.650001525878906
2024-07-19,60.95000076293945
2024-07-22,61.18000030517578
2024-07-23,60.970001220703125
2024-07-24,62.150001525878906
2024-07-25,61.47999954223633
2024-07-26,65.4800033569336
2024-07-29,66.8499984741211
2024-07-30,64.12999725341797
2024-07-31,62.97999954223633
2024-08-01,63.939998626708984
2024-08-02,57.790000915527344
2024-08-05,53.720001220703125
2024-08-06,54.630001068115234
2024-08-07,56.630001068115234
2024-08-08,55.38999938964844
2024-08-09,46.7400016784668
2024-08-12,46.54999923706055
2024-08-13,45.59000015258789
2024-08-14,45.7400016784668
2024-08-15,46.9900016784668
2024-08-16,46.779998779296875
2024-08-19,47.91999816894531
2024-08-20,48.41999816894531
2024-08-21,48.09000015258789
2024-08-22,48.599998474121094
2024-08-23,48.849998474121094
2024-08-26,51.61000061035156
2024-08-27,49.869998931884766
2024-08-28,50.040000915527344
2024-08-29,50.9900016784668
2024-08-30,51.81999969482422
2024-09-03,51.18000030517578
2024-09-04,50.02000045776367
2024-09-05,49.93000030517578
2024-09-06,49.06999969482422
2024-09-09,48.0
2024-09-10,49.13999938964844
2024-09-11,48.099998474121094
2024-09-12,49.0099983215332
2024-09-13,48.56999969482422
2024-09-16,48.470001220703125
2024-09-17,48.75
2024-09-18,48.70000076293945
2024-09-19,49.650001525878906
2024-09-20,49.16999816894531
2024-09-23,47.9900016784668
2024-09-24,46.279998779296875
2024-09-25,45.7400016784668
2024-09-26,44.95000076293945
2024-09-27,45.59000015258789
2024-09-30,45.08000183105469
2024-10-01,46.11000061035156
2024-10-02,44.58000183105469
2024-10-03,43.810001373291016
2024-10-04,46.02000045776367
2024-10-07,45.27000045776367
2024-10-08,45.29999923706055
2024-10-09,44.630001068115234
2024-10-10,44.79999923706055
2024-10-11,45.459999084472656
2024-10-14,47.34000015258789
2024-10-15,48.58000183105469
2024-10-16,48.349998474121094
2024-10-17,48.189998626708984
2024-10-18,47.939998626708984
2024-10-21,46.540000915527344
2024-10-22,45.400001525878906
2024-10-23,45.91999816894531
2024-10-24,45.75
2024-10-25,45.88999938964844
2024-10-28,45.08000183105469
2024-10-29,46.54999923706055
2024-10-30,45.349998474121094
2024-10-31,46.0
2024-11-01,44.0
2024-11-04,44.900001525878906
2024-11-05,46.189998626708984
2024-11-06,50.650001525878906
2024-11-07,54.720001220703125
2024-11-08,51.9900016784668
2024-11-11,54.720001220703125
2024-11-12,56.150001525878906
2024-11-13,56.939998626708984
2024-11-14,56.880001068115234
2024-11-15,55.61000061035156
2024-11-18,54.65999984741211
2024-11-19,53.220001220703125
2024-11-20,53.779998779296875
2024-11-21,54.470001220703125
2024-11-22,55.439998626708984
2024-11-25,57.02000045776367
2024-11-26,56.97999954223633
2024-11-27,57.16999816894531
2024-11-29,57.56999969482422
2024-12-02,56.72999954223633
2024-12-03,55.529998779296875
2024-12-04,55.47999954223633
2024-12-05,55.720001220703125
2024-12-06,55.599998474121094
2024-12-09,55.560001373291016
2024-12-10,53.790000915527344
2024-12-11,54.06999969482422
2024-12-12,53.68000030517578
2024-12-13,52.849998474121094
2024-12-16,53.5099983215332
2024-12-17,52.880001068115234
2024-12-18,52.279998779296875
2024-12-19,49.16999816894531
2024-12-20,46.40999984741211
2024-12-23,47.560001373291016
2024-12-24,48.31999969482422
2024-12-26,47.54999923706055
2024-12-27,48.72999954223633
2024-12-30,48.02000045776367
2024-12-31,48.86000061035156
2025-01-02,49.15999984741211
2025-01-03,47.7599983215332
2025-01-06,49.119998931884766
2025-01-07,49.34000015258789
2025-01-08,47.130001068115234
2025-01-10,46.040000915527344
2025-01-13,45.209999084472656
2025-01-14,46.22999954223633
2025-01-15,49.880001068115234
2025-01-16,48.540000915527344
2025-01-17,49.61000061035156
2025-01-21,50.47999954223633
2025-01-22,50.439998626708984
2025-01-23,50.04999923706055
2025-01-24,53.529998779296875
2025-01-27,57.279998779296875
2025-01-28,58.33000183105469
2025-01-29,56.900001525878906
2025-01-30,58.02000045776367
2025-01-31,57.2599983215332
2025-02-03,55.27000045776367
2025-02-04,56.20000076293945
2025-02-05,57.72999954223633
2025-02-06,58.099998474121094
2025-02-07,58.25
2025-02-10,57.27000045776367
2025-02-11,56.540000915527344
2025-02-12,57.11000061035156
2025-02-13,56.15999984741211
2025-02-14,56.86000061035156
2025-02-18,56.849998474121094
2025-02-19,56.130001068115234
2025-02-20,55.97999954223633
2025-02-21,56.439998626708984
2025-02-24,53.7400016784668
2025-02-25,53.349998474121094
2025-02-26,53.70000076293945
2025-02-27,53.5
2025-02-28,53.41999816894531
2025-03-03,54.11000061035156
2025-03-04,51.650001525878906
2025-03-05,51.08000183105469
2025-03-06,50.459999084472656
2025-03-07,50.130001068115234
2025-03-10,49.08000183105469
2025-03-11,48.290000915527344
2025-03-12,49.18000030517578
2025-03-13,50.06999969482422
2025-03-14,49.68000030517578
2025-03-17,50.47999954223633
2025-03-18,50.70000076293945
2025-03-19,50.84000015258789
2025-03-20,50.66999816894531
2025-03-21,51.400001525878906
2025-03-24,52.599998474121094
2025-03-25,52.869998931884766
2025-03-26,52.7599983215332
2025-03-27,51.84000015258789
2025-03-28,51.470001220703125
2025-03-31,49.25
2025-04-01,50.08000183105469
2025-04-02,49.91999816894531
2025-04-03,48.38999938964844
2025-04-04,43.0099983215332
